[37, 29, 25, 21, 20, 20, 17, 14, 14, 12, 11, 12, 12, 10, 11, 5, 5, 5, 4, 5, 3, 3, 4, 2, 5, 4, 4, 4, 4, 4, 4, 3, 5, 5, 4, 2, 0]
[37, 31, 29, 24, 20, 16, 14, 10, 10, 10, 9, 6, 6, 6, 8, 8, 8, 8, 8, 6, 6, 6, 6, 6, 6, 6, 8, 8, 9, 8, 8, 8, 6, 8, 10, 10, 6, 6, 6, 8, 6, 6, 6, 6, 2, 4, 4, 6, 4, 4, 4, 4, 4, 4, 4, 4, 2, 4, 4, 4, 2, 4, 2, 2, 4, 0]
[40, 32, 22, 21, 18, 18, 19, 16, 14, 14, 11, 11, 11, 10, 10, 10, 10, 10, 10, 10, 9, 9, 8, 6, 8, 6, 6, 7, 5, 5, 5, 5, 6, 7, 8, 7, 4, 6, 4, 4, 6, 5, 4, 4, 2, 4, 4, 4, 2, 4, 6, 6, 6, 6, 4, 2, 4, 2, 4, 4, 2, 2, 2, 2, 2, 2, 2, 2, 2, 2, 4, 0]
[38, 34, 32, 30, 25, 20, 18, 17, 13, 12, 12, 6, 6, 6, 8, 7, 4, 4, 5, 7, 6, 6, 6, 6, 4, 2, 6, 8, 5, 3, 3, 3, 3, 3, 3, 5, 3, 5, 5, 4, 7, 5, 6, 8, 4, 4, 6, 6, 4, 5, 4, 4, 4, 2, 4, 2, 4, 2, 2, 4, 2, 4, 2, 0]
[32, 27, 25, 21, 20, 20, 17, 16, 15, 13, 8, 9, 6, 8, 8, 7, 7, 7, 4, 6, 4, 2, 2, 4, 6, 3, 2, 3, 3, 3, 0]
[37, 33, 29, 27, 24, 20, 20, 20, 19, 16, 17, 15, 16, 15, 14, 13, 13, 11, 10, 10, 7, 7, 7, 7, 6, 6, 8, 8, 7, 7, 9, 6, 4, 4, 4, 6, 6, 4, 4, 6, 4, 6, 2, 4, 4, 4, 2, 2, 2, 4, 4, 4, 6, 6, 6, 2, 2, 3, 2, 5, 2, 2, 2, 2, 4, 6, 6, 6, 6, 4, 6, 4, 4, 2, 2, 2, 2, 2, 2, 4, 2, 2, 4, 2, 2, 5, 2, 4, 2, 2, 2, 4, 4, 4, 2, 2, 2, 2, 2, 2, 0]
[36, 28, 23, 22, 19, 17, 16, 16, 16, 11, 11, 9, 11, 11, 11, 11, 10, 10, 9, 10, 7, 8, 8, 8, 8, 8, 8, 8, 5, 5, 5, 5, 5, 6, 6, 8, 9, 7, 7, 5, 5, 5, 4, 4, 5, 7, 7, 6, 7, 5, 5, 5, 5, 5, 5, 4, 5, 4, 4, 4, 4, 4, 4, 4, 4, 4, 5, 5, 5, 4, 5, 6, 6, 6, 6, 7, 6, 6, 6, 7, 8, 4, 4, 4, 4, 4, 6, 6, 6, 4, 4, 6, 6, 6, 5, 5, 6, 4, 4, 4, 4, 6, 6, 4, 6, 6, 4, 4, 5, 6, 5, 7, 6, 4, 4, 6, 8, 7, 6, 4, 6, 6, 4, 4, 4, 4, 6, 4, 4, 5, 4, 5, 5, 6, 4, 4, 4, 6, 6, 6, 4, 6, 6, 6, 6, 6, 6, 6, 6, 6, 6, 6, 6, 6, 6, 6, 6, 6, 6, 6, 2, 2, 2, 2, 2, 2, 2, 2, 2, 2, 2, 2, 2, 2, 2, 2, 4, 2, 4, 2, 4, 2, 2, 2, 0]
[33, 32, 27, 23, 20, 19, 14, 12, 10, 10, 10, 10, 4, 4, 4, 4, 4, 4, 6, 6, 2, 4, 2, 2, 2, 2, 2, 4, 2, 4, 2, 2, 2, 4, 4, 4, 4, 6, 4, 4, 4, 2, 2, 0]
[38, 34, 27, 21, 23, 19, 16, 12, 12, 14, 11, 8, 8, 8, 8, 10, 8, 10, 8, 8, 7, 9, 7, 7, 7, 6, 6, 8, 4, 6, 4, 4, 4, 4, 4, 6, 4, 4, 2, 4, 4, 4, 4, 4, 2, 4, 4, 4, 4, 0]
[34, 29, 25, 18, 18, 18, 14, 14, 14, 12, 12, 10, 10, 10, 7, 7, 8, 6, 6, 4, 4, 2, 5, 4, 4, 4, 4, 0]
[38, 34, 30, 26, 24, 17, 19, 14, 14, 16, 14, 12, 12, 13, 11, 11, 10, 10, 8, 6, 6, 6, 8, 8, 7, 6, 6, 6, 4, 4, 4, 4, 4, 2, 2, 2, 2, 2, 2, 4, 2, 2, 0]
[35, 33, 30, 26, 21, 15, 18, 17, 13, 11, 11, 8, 8, 4, 7, 7, 7, 8, 5, 7, 7, 7, 7, 8, 6, 7, 7, 6, 7, 5, 5, 6, 4, 4, 4, 4, 4, 4, 6, 6, 4, 4, 4, 4, 4, 4, 6, 4, 2, 2, 2, 5, 2, 4, 2, 4, 4, 4, 4, 2, 4, 2, 4, 2, 2, 2, 2, 2, 2, 2, 2, 4, 4, 4, 4, 4, 2, 4, 2, 4, 2, 4, 4, 2, 4, 2, 2, 2, 2, 2, 2, 0]
[31, 30, 21, 21, 21, 19, 17, 17, 15, 16, 11, 11, 11, 10, 8, 10, 10, 8, 8, 9, 7, 8, 9, 7, 7, 6, 8, 8, 7, 7, 6, 2, 2, 2, 4, 4, 2, 4, 2, 2, 2, 4, 4, 2, 2, 2, 2, 2, 2, 4, 4, 4, 4, 2, 4, 4, 2, 2, 4, 2, 6, 4, 6, 6, 4, 4, 4, 4, 6, 5, 6, 6, 4, 4, 2, 2, 0]
[31, 30, 27, 23, 20, 19, 14, 15, 14, 11, 12, 9, 9, 8, 4, 7, 6, 8, 6, 8, 8, 6, 4, 4, 6, 7, 2, 2, 2, 4, 2, 2, 2, 2, 2, 4, 4, 4, 2, 2, 2, 2, 2, 0]
[36, 31, 24, 23, 20, 18, 16, 17, 13, 13, 13, 13, 13, 11, 10, 10, 10, 8, 8, 9, 9, 9, 8, 8, 8, 8, 9, 7, 9, 6, 4, 4, 4, 4, 4, 4, 3, 5, 2, 5, 4, 4, 4, 2, 2, 0]
[36, 29, 23, 21, 16, 16, 16, 14, 14, 12, 10, 8, 8, 10, 8, 7, 7, 6, 6, 5, 5, 4, 7, 4, 5, 5, 5, 5, 6, 6, 6, 5, 6, 6, 6, 6, 5, 5, 7, 6, 8, 8, 7, 6, 6, 7, 5, 6, 6, 6, 6, 5, 7, 7, 5, 7, 7, 6, 6, 6, 5, 6, 5, 5, 5, 6, 4, 2, 4, 4, 4, 4, 3, 3, 3, 3, 2, 2, 2, 4, 3, 2, 2, 4, 3, 3, 2, 2, 4, 2, 4, 6, 4, 4, 2, 4, 4, 4, 4, 4, 4, 6, 6, 4, 4, 4, 2, 2, 0]
[34, 29, 26, 26, 24, 23, 20, 18, 16, 12, 12, 13, 13, 11, 11, 11, 9, 6, 6, 6, 4, 6, 5, 6, 7, 5, 5, 6, 5, 5, 6, 5, 5, 4, 4, 5, 5, 5, 5, 5, 5, 4, 5, 4, 5, 5, 5, 5, 4, 6, 6, 6, 2, 4, 6, 6, 6, 2, 2, 4, 2, 2, 4, 2, 2, 4, 2, 4, 4, 2, 4, 4, 4, 2, 2, 0]
[34, 29, 28, 22, 20, 17, 12, 14, 13, 12, 10, 5, 5, 5, 6, 7, 6, 7, 7, 7, 7, 6, 6, 2, 2, 2, 2, 2, 4, 4, 4, 4, 4, 4, 4, 4, 2, 2, 2, 2, 4, 4, 2, 2, 0]
[36, 33, 27, 24, 17, 15, 9, 11, 11, 8, 8, 8, 8, 8, 8, 8, 8, 6, 6, 6, 7, 7, 6, 6, 7, 7, 5, 5, 5, 5, 7, 7, 6, 6, 6, 6, 6, 6, 6, 8, 8, 7, 7, 4, 4, 5, 6, 6, 6, 4, 4, 6, 6, 4, 4, 4, 4, 4, 4, 4, 4, 4, 4, 4, 4, 4, 6, 6, 4, 4, 4, 4, 4, 4, 4, 4, 4, 3, 4, 6, 4, 3, 2, 4, 4, 4, 4, 3, 4, 4, 2, 2, 4, 4, 4, 4, 4, 2, 4, 2, 2, 2, 6, 6, 6, 4, 4, 5, 4, 4, 4, 3, 4, 4, 4, 4, 2, 6, 6, 4, 6, 4, 4, 4, 6, 5, 4, 7, 4, 4, 4, 5, 4, 4, 4, 4, 4, 5, 5, 7, 6, 5, 6, 4, 4, 4, 3, 4, 4, 4, 6, 5, 4, 4, 6, 4, 4, 2, 4, 4, 4, 4, 2, 2, 2, 2, 2, 4, 4, 4, 4, 4, 4, 4, 4, 2, 5, 2, 2, 2, 2, 4, 4, 4, 4, 2, 2, 2, 2, 2, 4, 2, 2, 2, 2, 2, 2, 2, 2, 4, 4, 4, 2, 4, 4, 4, 4, 4, 6, 4, 4, 2, 2, 0]
[33, 27, 26, 22, 18, 16, 15, 13, 12, 10, 12, 11, 10, 10, 8, 8, 8, 8, 4, 4, 4, 8, 6, 4, 4, 4, 4, 2, 2, 2, 2, 2, 0]
[38, 32, 23, 23, 20, 19, 18, 12, 12, 11, 10, 12, 9, 9, 9, 9, 9, 7, 7, 8, 5, 6, 7, 7, 7, 8, 8, 5, 5, 4, 5, 4, 4, 7, 6, 6, 7, 6, 5, 5, 4, 4, 4, 5, 5, 4, 6, 6, 6, 6, 6, 6, 4, 6, 4, 4, 4, 4, 4, 4, 4, 4, 4, 2, 2, 4, 4, 4, 2, 3, 4, 3, 2, 2, 2, 4, 4, 4, 4, 6, 4, 5, 5, 7, 6, 4, 4, 4, 8, 6, 8, 6, 7, 7, 4, 4, 4, 2, 4, 4, 4, 4, 4, 2, 5, 4, 0]
[34, 32, 29, 25, 21, 13, 16, 15, 8, 10, 12, 8, 8, 6, 6, 6, 8, 6, 4, 6, 4, 4, 4, 4, 6, 4, 4, 4, 4, 4, 4, 4, 4, 2, 2, 2, 2, 2, 2, 2, 0]
[34, 30, 25, 21, 23, 20, 17, 13, 13, 14, 13, 11, 11, 11, 10, 10, 10, 10, 10, 10, 9, 9, 10, 11, 10, 9, 8, 7, 7, 8, 8, 8, 8, 8, 7, 8, 6, 6, 6, 6, 6, 6, 6, 5, 5, 5, 5, 5, 5, 5, 5, 5, 5, 5, 5, 7, 7, 5, 7, 7, 6, 6, 4, 6, 6, 6, 6, 8, 4, 4, 4, 5, 6, 7, 7, 6, 6, 4, 4, 6, 6, 4, 6, 6, 6, 4, 6, 6, 6, 8, 6, 6, 4, 4, 5, 5, 4, 5, 5, 6, 6, 7, 6, 4, 4, 4, 5, 4, 4, 4, 4, 5, 6, 6, 6, 4, 4, 4, 4, 4, 4, 4, 4, 4, 4, 4, 4, 4, 4, 6, 6, 6, 6, 4, 6, 4, 4, 4, 4, 4, 4, 4, 6, 7, 6, 4, 4, 4, 4, 6, 4, 4, 4, 4, 2, 2, 4, 0]
[37, 30, 25, 25, 21, 17, 17, 12, 12, 12, 9, 7, 9, 7, 8, 8, 8, 4, 7, 5, 4, 6, 4, 4, 2, 2, 2, 2, 2, 2, 2, 2, 2, 4, 4, 4, 3, 2, 2, 2, 2, 2, 2, 0]
[36, 30, 24, 19, 21, 20, 17, 15, 11, 9, 8, 8, 7, 8, 10, 10, 10, 9, 8, 8, 8, 8, 8, 6, 5, 6, 4, 4, 4, 4, 4, 6, 4, 4, 4, 2, 2, 4, 2, 2, 2, 2, 4, 4, 4, 0]
[34, 27, 27, 25, 24, 15, 17, 16, 14, 12, 9, 13, 12, 11, 9, 8, 8, 8, 8, 8, 6, 6, 8, 8, 8, 8, 8, 10, 10, 12, 8, 8, 8, 8, 8, 8, 8, 8, 8, 8, 10, 9, 7, 7, 8, 7, 8, 8, 6, 7, 8, 8, 6, 6, 4, 6, 4, 6, 6, 9, 6, 6, 4, 4, 4, 4, 4, 4, 4, 4, 4, 4, 4, 4, 4, 4, 4, 4, 4, 4, 4, 4, 6, 6, 4, 4, 4, 4, 2, 6, 6, 2, 2, 4, 6, 2, 4, 4, 4, 4, 4, 2, 2, 5, 2, 4, 4, 3, 3, 4, 2, 2, 4, 4, 4, 4, 2, 2, 2, 2, 2, 2, 2, 2, 2, 2, 2, 0]
[36, 27, 23, 19, 19, 16, 16, 12, 10, 12, 10, 12, 9, 9, 9, 9, 9, 7, 6, 7, 6, 6, 8, 6, 6, 6, 7, 6, 6, 7, 6, 8, 8, 8, 7, 8, 9, 8, 6, 6, 6, 8, 6, 6, 6, 6, 6, 9, 8, 6, 6, 4, 4, 4, 4, 4, 4, 4, 4, 6, 4, 6, 6, 6, 4, 4, 5, 5, 4, 4, 5, 4, 2, 6, 6, 4, 4, 4, 4, 4, 4, 6, 4, 4, 2, 4, 4, 0]
[33, 32, 25, 25, 23, 17, 14, 14, 12, 12, 10, 10, 10, 8, 10, 10, 10, 8, 11, 8, 12, 8, 6, 8, 6, 6, 4, 6, 4, 4, 6, 4, 4, 4, 4, 4, 4, 4, 4, 2, 4, 4, 4, 4, 4, 4, 4, 4, 4, 4, 4, 4, 4, 4, 4, 4, 4, 2, 4, 4, 6, 4, 4, 4, 4, 5, 6, 6, 5, 5, 5, 4, 4, 2, 2, 2, 2, 4, 4, 4, 6, 4, 4, 5, 4, 4, 4, 2, 2, 2, 2, 4, 4, 2, 4, 4, 4, 4, 2, 2, 2, 2, 2, 4, 0]
[36, 29, 27, 24, 20, 13, 17, 17, 14, 12, 12, 11, 10, 10, 9, 7, 7, 7, 5, 5, 5, 5, 5, 7, 7, 8, 8, 6, 8, 6, 8, 8, 8, 6, 6, 6, 8, 7, 6, 6, 6, 8, 8, 8, 6, 4, 6, 4, 4, 4, 4, 6, 8, 4, 8, 5, 4, 4, 6, 7, 7, 7, 6, 7, 4, 4, 4, 4, 6, 8, 4, 4, 4, 6, 6, 6, 7, 5, 5, 5, 7, 7, 6, 7, 5, 7, 5, 5, 5, 5, 5, 5, 4, 4, 4, 4, 4, 4, 4, 4, 4, 4, 4, 4, 4, 4, 4, 4, 4, 4, 4, 6, 6, 6, 7, 6, 6, 6, 6, 6, 6, 6, 4, 6, 6, 6, 4, 4, 5, 5, 7, 5, 6, 4, 4, 4, 4, 4, 5, 6, 6, 4, 6, 6, 6, 6, 6, 6, 6, 6, 4, 6, 6, 5, 5, 4, 6, 6, 6, 6, 6, 4, 6, 6, 6, 6, 6, 5, 8, 7, 5, 3, 3, 3, 3, 2, 2, 2, 2, 2, 2, 2, 2, 3, 3, 3, 3, 2, 4, 3, 3, 3, 4, 4, 2, 4, 2, 2, 2, 2, 2, 2, 2, 2, 2, 4, 4, 4, 4, 6, 6, 5, 5, 2, 4, 5, 4, 6, 4, 4, 6, 6, 4, 4, 2, 5, 2, 2, 2, 2, 3, 3, 2, 4, 3, 4, 2, 4, 4, 4, 4, 6, 4, 6, 2, 2, 2, 2, 2, 2, 2, 2, 2, 2, 2, 2, 2, 2, 4, 4, 4, 6, 4, 4, 4, 2, 2, 4, 5, 6, 2, 2, 2, 3, 3, 2, 2, 2, 2, 3, 2, 2, 3, 3, 2, 2, 2, 2, 2, 2, 2, 4, 4, 4, 2, 2, 2, 2, 2, 2, 2, 0]
[36, 32, 30, 23, 20, 20, 18, 10, 12, 12, 12, 10, 8, 8, 6, 6, 8, 8, 8, 8, 8, 8, 8, 8, 10, 7, 7, 8, 8, 8, 8, 8, 7, 7, 7, 6, 6, 6, 8, 6, 6, 6, 6, 6, 6, 6, 6, 6, 6, 4, 2, 2, 4, 0]
[40, 35, 29, 24, 21, 17, 13, 10, 12, 12, 10, 10, 10, 6, 7, 6, 6, 6, 4, 4, 4, 6, 4, 4, 4, 4, 4, 4, 4, 2, 4, 4, 2, 4, 4, 2, 2, 4, 4, 4, 2, 2, 2, 2, 2, 2, 4, 2, 4, 4, 4, 2, 4, 4, 2, 4, 4, 4, 4, 2, 4, 4, 2, 2, 2, 4, 4, 2, 2, 4, 2, 2, 4, 4, 4, 7, 5, 4, 6, 6, 4, 6, 4, 4, 6, 6, 4, 4, 4, 6, 4, 2, 6, 6, 6, 4, 6, 2, 5, 4, 4, 4, 4, 2, 2, 4, 4, 2, 2, 4, 0]
[32, 29, 28, 21, 14, 12, 12, 11, 6, 8, 8, 7, 6, 4, 2, 6, 2, 3, 4, 2, 2, 2, 4, 2, 4, 4, 0]
[30, 27, 23, 21, 20, 14, 12, 12, 12, 8, 8, 8, 8, 10, 10, 6, 8, 8, 10, 9, 10, 10, 8, 6, 4, 6, 4, 4, 6, 6, 6, 4, 5, 6, 5, 4, 4, 6, 4, 4, 2, 4, 4, 4, 4, 4, 4, 4, 4, 3, 4, 5, 4, 4, 2, 4, 4, 2, 4, 4, 2, 2, 2, 2, 2, 2, 2, 2, 2, 2, 2, 2, 3, 4, 2, 6, 4, 2, 2, 2, 3, 4, 4, 6, 2, 3, 2, 4, 4, 5, 4, 2, 2, 2, 4, 2, 2, 2, 2, 4, 3, 4, 2, 2, 4, 4, 4, 3, 2, 2, 4, 4, 6, 4, 4, 4, 4, 7, 6, 4, 6, 6, 6, 6, 6, 5, 6, 6, 5, 4, 4, 4, 4, 6, 5, 4, 4, 4, 4, 4, 4, 4, 4, 4, 4, 4, 4, 4, 6, 5, 4, 4, 4, 4, 3, 4, 2, 2, 2, 2, 2, 2, 2, 2, 3, 4, 2, 2, 2, 2, 2, 2, 4, 4, 5, 2, 2, 4, 4, 4, 4, 4, 6, 2, 4, 4, 4, 4, 4, 2, 4, 4, 2, 2, 2, 2, 2, 2, 2, 2, 6, 4, 2, 4, 3, 4, 3, 2, 2, 2, 2, 2, 2, 3, 4, 3, 4, 6, 6, 3, 4, 2, 6, 4, 4, 2, 4, 3, 5, 6, 7, 8, 7, 6, 6, 5, 4, 4, 6, 6, 6, 6, 4, 2, 3, 5, 6, 3, 5, 3, 2, 2, 3, 3, 3, 3, 4, 4, 2, 5, 4, 2, 2, 2, 2, 2, 2, 2, 2, 2, 2, 0]
[34, 31, 28, 27, 25, 21, 21, 18, 17, 17, 15, 16, 10, 10, 10, 11, 12, 10, 10, 9, 9, 7, 8, 6, 4, 4, 4, 2, 4, 2, 0]
[35, 33, 29, 22, 16, 16, 16, 16, 17, 14, 13, 9, 11, 9, 9, 8, 6, 6, 5, 7, 7, 6, 8, 6, 9, 10, 7, 7, 4, 4, 4, 7, 6, 6, 6, 2, 2, 0]
[36, 32, 27, 26, 21, 18, 18, 17, 14, 13, 11, 12, 10, 10, 6, 8, 4, 4, 4, 4, 6, 6, 4, 4, 4, 2, 2, 2, 2, 4, 0]
[36, 31, 25, 25, 21, 18, 17, 13, 10, 10, 10, 10, 10, 10, 8, 8, 9, 8, 8, 8, 8, 9, 9, 10, 9, 8, 6, 6, 6, 6, 8, 6, 8, 7, 7, 8, 7, 6, 8, 7, 8, 8, 8, 5, 7, 7, 8, 8, 6, 6, 4, 4, 4, 6, 6, 6, 7, 4, 6, 4, 2, 4, 4, 4, 4, 2, 4, 6, 2, 2, 2, 2, 2, 2, 2, 4, 4, 2, 2, 6, 2, 2, 2, 2, 2, 2, 0]
[39, 33, 27, 24, 19, 19, 15, 14, 12, 11, 8, 8, 8, 8, 8, 8, 8, 9, 7, 7, 6, 9, 6, 6, 4, 4, 4, 4, 4, 6, 4, 4, 4, 4, 4, 4, 4, 4, 4, 4, 6, 6, 6, 6, 6, 6, 6, 6, 6, 4, 6, 4, 4, 4, 4, 6, 8, 6, 4, 6, 4, 6, 6, 6, 6, 6, 6, 6, 4, 6, 6, 4, 4, 4, 4, 4, 6, 6, 6, 6, 4, 6, 4, 4, 4, 6, 4, 4, 6, 4, 6, 6, 6, 6, 7, 7, 7, 7, 7, 7, 7, 6, 7, 6, 4, 6, 8, 8, 6, 4, 4, 6, 6, 5, 4, 2, 2, 4, 4, 2, 4, 4, 4, 4, 2, 2, 2, 2, 2, 4, 4, 2, 2, 0]
[37, 30, 27, 25, 22, 22, 16, 16, 14, 15, 15, 15, 14, 13, 14, 13, 13, 12, 10, 10, 10, 10, 10, 9, 9, 9, 9, 9, 9, 9, 9, 9, 7, 7, 7, 8, 9, 9, 9, 7, 6, 7, 7, 6, 7, 8, 6, 6, 6, 4, 4, 4, 4, 4, 6, 2, 2, 2, 2, 2, 2, 2, 2, 4, 2, 4, 4, 4, 4, 4, 4, 4, 2, 2, 0]
[37, 34, 31, 23, 22, 19, 19, 19, 17, 16, 13, 11, 11, 12, 10, 8, 8, 8, 8, 8, 8, 6, 4, 6, 6, 5, 6, 7, 6, 7, 8, 8, 6, 6, 8, 6, 2, 4, 5, 4, 6, 4, 6, 4, 4, 2, 2, 2, 2, 2, 0]
[31, 30, 30, 25, 20, 20, 15, 14, 14, 14, 12, 8, 6, 6, 7, 6, 4, 4, 4, 4, 8, 6, 6, 2, 4, 4, 5, 4, 4, 6, 2, 6, 6, 6, 2, 4, 5, 4, 6, 2, 6, 2, 4, 2, 2, 2, 2, 2, 2, 4, 4, 2, 2, 2, 4, 2, 2, 2, 2, 0]
[37, 33, 30, 25, 22, 18, 18, 15, 14, 12, 12, 12, 12, 11, 10, 8, 8, 8, 8, 5, 9, 6, 7, 7, 5, 6, 8, 6, 5, 4, 4, 6, 8, 6, 5, 5, 6, 4, 6, 4, 4, 4, 4, 4, 2, 4, 4, 2, 4, 2, 2, 4, 3, 4, 2, 2, 2, 4, 2, 2, 5, 2, 2, 4, 4, 4, 2, 2, 0]
[36, 28, 24, 21, 18, 17, 13, 11, 10, 11, 11, 10, 10, 10, 7, 7, 7, 7, 7, 7, 8, 7, 7, 6, 6, 5, 7, 8, 7, 7, 5, 4, 5, 4, 5, 5, 5, 2, 4, 4, 4, 4, 4, 3, 4, 5, 3, 2, 2, 2, 4, 4, 4, 2, 4, 2, 5, 2, 2, 3, 3, 3, 4, 4, 4, 5, 5, 2, 2, 2, 2, 2, 4, 4, 4, 4, 4, 6, 2, 2, 2, 4, 4, 2, 2, 2, 4, 4, 2, 2, 2, 4, 5, 2, 2, 4, 6, 4, 4, 4, 4, 2, 2, 4, 4, 2, 2, 2, 2, 2, 4, 0]
[39, 26, 26, 20, 18, 18, 14, 12, 11, 9, 9, 7, 6, 6, 6, 4, 4, 4, 4, 6, 3, 6, 4, 4, 4, 4, 4, 4, 2, 2, 2, 2, 4, 4, 6, 4, 4, 2, 2, 2, 2, 4, 2, 2, 4, 4, 4, 4, 4, 4, 4, 2, 2, 2, 2, 2, 4, 4, 4, 0]
[35, 29, 22, 20, 18, 17, 15, 15, 14, 14, 14, 12, 10, 9, 9, 8, 7, 7, 9, 7, 9, 9, 5, 5, 5, 5, 4, 6, 7, 6, 6, 8, 4, 2, 2, 0]
[38, 32, 30, 24, 19, 15, 15, 15, 13, 14, 11, 12, 12, 12, 8, 8, 2, 6, 4, 6, 4, 4, 4, 6, 4, 2, 4, 2, 2, 4, 6, 6, 4, 2, 2, 2, 2, 2, 6, 2, 2, 4, 4, 2, 4, 0]
[39, 33, 24, 22, 20, 19, 15, 13, 9, 7, 8, 8, 8, 8, 7, 8, 8, 8, 7, 7, 6, 4, 4, 6, 4, 4, 2, 2, 4, 4, 8, 4, 4, 2, 4, 2, 0]
[36, 29, 26, 26, 23, 19, 18, 14, 10, 12, 12, 12, 10, 8, 8, 6, 6, 4, 6, 6, 6, 6, 5, 7, 5, 5, 5, 8, 8, 7, 7, 7, 8, 8, 8, 7, 6, 8, 8, 7, 8, 6, 8, 7, 8, 8, 8, 7, 6, 5, 5, 5, 5, 5, 5, 5, 5, 5, 5, 4, 6, 4, 5, 4, 4, 4, 6, 6, 6, 4, 4, 4, 4, 4, 4, 4, 5, 8, 6, 6, 6, 7, 6, 6, 5, 4, 6, 4, 4, 6, 8, 6, 6, 4, 6, 6, 6, 4, 4, 6, 6, 6, 6, 4, 4, 6, 4, 4, 4, 5, 6, 4, 4, 4, 4, 4, 6, 4, 4, 4, 4, 4, 6, 4, 4, 4, 4, 4, 6, 8, 6, 4, 6, 6, 6, 6, 6, 6, 5, 5, 6, 6, 4, 7, 7, 4, 5, 6, 8, 6, 4, 4, 6, 6, 6, 7, 4, 8, 8, 6, 4, 6, 4, 6, 6, 5, 4, 4, 4, 4, 6, 4, 4, 4, 4, 2, 4, 5, 4, 5, 4, 6, 4, 4, 2, 2, 2, 3, 2, 4, 2, 2, 2, 2, 2, 2, 2, 2, 2, 4, 2, 4, 6, 4, 4, 2, 2, 2, 2, 2, 2, 2, 0]
[36, 33, 27, 25, 21, 19, 18, 15, 13, 10, 11, 9, 9, 8, 8, 8, 8, 10, 8, 10, 10, 8, 10, 11, 9, 8, 7, 9, 7, 9, 7, 7, 8, 8, 8, 7, 8, 5, 7, 7, 5, 5, 7, 9, 8, 7, 8, 8, 7, 7, 7, 6, 6, 6, 5, 5, 5, 5, 5, 7, 5, 5, 5, 7, 5, 6, 6, 5, 5, 4, 4, 4, 4, 8, 4, 4, 6, 4, 4, 4, 4, 6, 4, 4, 4, 4, 4, 6, 6, 6, 6, 6, 6, 4, 4, 4, 4, 4, 4, 4, 4, 4, 6, 6, 4, 6, 5, 5, 6, 7, 8, 6, 6, 6, 6, 6, 6, 6, 6, 6, 4, 6, 6, 6, 6, 6, 6, 4, 6, 6, 8, 8, 8, 8, 6, 6, 6, 6, 6, 6, 8, 4, 8, 6, 8, 6, 6, 6, 4, 6, 6, 4, 5, 6, 7, 6, 7, 7, 7, 7, 6, 6, 6, 4, 6, 4, 6, 4, 4, 4, 4, 4, 4, 4, 4, 4, 4, 4, 6, 6, 4, 4, 4, 4, 6, 4, 4, 4, 4, 6, 6, 6, 4, 4, 4, 6, 4, 4, 4, 6, 4, 6, 6, 6, 6, 7, 6, 4, 4, 4, 6, 4, 6, 8, 5, 4, 6, 4, 4, 4, 4, 6, 6, 4, 6, 4, 4, 4, 4, 6, 6, 4, 4, 4, 4, 6, 6, 4, 4, 5, 7, 8, 6, 6, 6, 4, 4, 4, 4, 4, 4, 4, 4, 4, 6, 6, 4, 4, 6, 4, 4, 4, 4, 6, 6, 6, 6, 6, 6, 8, 4, 4, 6, 6, 6, 6, 6, 4, 4, 4, 4, 4, 4, 4, 4, 4, 4, 4, 4, 6, 4, 6, 6, 6, 6, 6, 6, 6, 8, 6, 6, 5, 6, 6, 4, 4, 6, 6, 4, 6, 4, 6, 7, 4, 4, 4, 4, 6, 6, 6, 6, 6, 4, 4, 4, 4, 4, 4, 4, 4, 4, 4, 4, 6, 6, 6, 6, 6, 6, 5, 6, 6, 4, 6, 6, 6, 8, 8, 4, 6, 6, 6, 6, 8, 6, 6, 6, 6, 6, 6, 6, 6, 6, 6, 4, 4, 6, 7, 6, 4, 4, 4, 4, 4, 8, 4, 4, 4, 4, 4, 4, 4, 4, 6, 6, 6, 8, 6, 6, 6, 6, 4, 4, 4, 4, 4, 6, 6, 4, 6, 6, 6, 8, 6, 4, 4, 4, 4, 4, 4, 6, 4, 4, 6, 6, 6, 4, 5, 6, 8, 4, 7, 6, 8, 8, 8, 7, 8, 9, 7, 8, 6, 6, 5, 6, 6, 8, 8, 8, 4, 4, 4, 4, 6, 6, 6, 6, 7, 4, 4, 4, 4, 4, 4, 4, 4, 7, 6, 6, 6, 6, 4, 4, 4, 5, 4, 4, 6, 6, 4, 4, 4, 4, 4, 6, 5, 4, 5, 4, 5, 6, 6, 6, 6, 6, 6, 8, 8, 8, 6, 8, 7, 6, 6, 4, 4, 4, 4, 4, 5, 4, 4, 4, 4, 4, 6, 6, 4, 5, 7, 6, 4, 6, 4, 4, 4, 6, 6, 4, 6, 4, 4, 4, 4, 4, 6, 4, 4, 4, 4, 6, 4, 4, 4, 5, 4, 4, 4, 4, 4, 4, 6, 6, 4, 6, 6, 6, 8, 6, 7, 6, 6, 6, 6, 4, 4, 4, 4, 4, 4, 4, 4, 4, 4, 4, 4, 4, 4, 5, 4, 6, 8, 6, 4, 4, 4, 4, 7, 6, 6, 6, 4, 5, 5, 5, 4, 4, 4, 4, 4, 6, 5, 6, 6, 6, 6, 6, 4, 4, 4, 4, 4, 4, 4, 2, 2, 4, 3, 4, 6, 4, 6, 6, 4, 6, 4, 4, 4, 4, 4, 4, 6, 4, 4, 4, 4, 4, 6, 4, 4, 3, 3, 3, 3, 2, 4, 5, 4, 3, 2, 4, 4, 0]
[39, 34, 27, 24, 22, 19, 17, 13, 13, 11, 12, 10, 10, 6, 6, 9, 7, 8, 4, 4, 6, 6, 6, 4, 6, 4, 2, 0]
[35, 29, 29, 26, 21, 22, 20, 16, 16, 15, 13, 13, 13, 10, 12, 9, 10, 10, 8, 8, 7, 7, 9, 8, 8, 6, 6, 6, 6, 4, 6, 4, 4, 4, 6, 2, 3, 2, 4, 4, 5, 2, 2, 2, 4, 4, 2, 3, 2, 2, 2, 2, 4, 2, 4, 3, 2, 3, 4, 4, 2, 2, 4, 2, 3, 2, 4, 2, 4, 2, 4, 2, 2, 4, 4, 4, 4, 2, 4, 4, 4, 2, 2, 2, 2, 2, 2, 4, 4, 2, 2, 2, 2, 4, 4, 6, 6, 6, 4, 4, 4, 4, 2, 3, 2, 4, 4, 2, 3, 3, 3, 2, 3, 3, 2, 2, 4, 4, 3, 3, 5, 3, 5, 5, 2, 4, 2, 2, 4, 3, 4, 2, 4, 2, 3, 3, 2, 2, 2, 4, 2, 2, 2, 4, 4, 4, 2, 4, 2, 4, 2, 2, 2, 2, 4, 2, 4, 4, 4, 4, 5, 4, 2, 4, 5, 4, 4, 4, 4, 6, 6, 5, 5, 2, 2, 2, 2, 4, 2, 2, 4, 2, 4, 6, 2, 2, 2, 4, 2, 2, 2, 4, 4, 2, 2, 2, 2, 4, 4, 2, 2, 2, 2, 2, 0]
[33, 29, 28, 20, 20, 16, 14, 11, 8, 9, 10, 9, 7, 9, 7, 9, 7, 8, 5, 6, 6, 4, 4, 4, 4, 4, 5, 5, 5, 5, 4, 4, 5, 6, 4, 6, 6, 6, 8, 8, 8, 4, 6, 6, 6, 5, 7, 8, 5, 5, 5, 5, 5, 5, 5, 5, 6, 5, 5, 5, 5, 5, 4, 5, 5, 7, 7, 5, 7, 7, 5, 5, 5, 4, 4, 4, 6, 6, 6, 6, 6, 6, 6, 4, 4, 4, 4, 5, 4, 4, 5, 4, 4, 4, 4, 4, 4, 4, 4, 4, 4, 7, 6, 4, 6, 6, 4, 4, 6, 6, 8, 6, 8, 8, 8, 8, 4, 4, 4, 4, 6, 4, 4, 6, 6, 6, 6, 4, 4, 4, 4, 6, 6, 4, 7, 5, 5, 4, 5, 4, 6, 6, 6, 7, 6, 6, 6, 6, 6, 6, 6, 4, 6, 7, 4, 4, 4, 6, 6, 4, 4, 4, 4, 4, 6, 2, 4, 4, 4, 4, 4, 4, 2, 2, 2, 4, 4, 4, 2, 4, 6, 6, 2, 2, 4, 4, 4, 4, 4, 6, 6, 4, 4, 2, 2, 2, 2, 0]
[35, 32, 20, 20, 20, 17, 16, 17, 17, 17, 13, 13, 12, 13, 12, 10, 8, 10, 10, 9, 9, 10, 9, 9, 9, 10, 10, 10, 10, 8, 6, 4, 4, 4, 4, 3, 4, 3, 3, 3, 3, 7, 5, 7, 3, 3, 6, 4, 5, 4, 4, 4, 4, 4, 4, 2, 2, 0]
[38, 34, 29, 27, 24, 19, 19, 17, 15, 16, 14, 14, 12, 11, 9, 9, 11, 12, 10, 8, 8, 8, 8, 7, 7, 7, 7, 7, 6, 7, 7, 5, 5, 5, 5, 6, 6, 5, 7, 7, 5, 5, 5, 5, 6, 6, 5, 5, 5, 5, 5, 5, 6, 6, 6, 6, 6, 6, 7, 7, 7, 5, 7, 7, 7, 7, 7, 7, 7, 8, 9, 6, 5, 5, 5, 8, 5, 5, 5, 7, 8, 7, 7, 7, 8, 7, 7, 6, 6, 5, 7, 6, 4, 4, 4, 4, 4, 4, 4, 4, 4, 4, 4, 4, 4, 4, 4, 5, 4, 4, 4, 4, 4, 4, 5, 4, 4, 5, 5, 5, 5, 5, 5, 5, 5, 6, 5, 5, 6, 6, 5, 4, 4, 4, 2, 4, 6, 5, 2, 4, 4, 2, 4, 2, 4, 4, 2, 2, 4, 6, 2, 4, 4, 4, 2, 2, 3, 2, 0]
[36, 36, 30, 25, 22, 15, 10, 10, 9, 9, 9, 8, 8, 9, 8, 7, 9, 8, 6, 6, 6, 6, 2, 4, 4, 4, 4, 4, 2, 2, 4, 4, 2, 2, 2, 2, 2, 4, 4, 4, 4, 4, 4, 0]
[34, 27, 24, 23, 18, 13, 11, 10, 8, 8, 8, 8, 8, 9, 9, 8, 9, 9, 9, 9, 8, 9, 5, 5, 5, 7, 7, 6, 6, 6, 6, 6, 4, 4, 6, 6, 2, 4, 2, 2, 4, 4, 6, 2, 6, 4, 2, 2, 3, 4, 4, 2, 2, 4, 2, 2, 4, 6, 4, 2, 2, 0]
[37, 34, 27, 26, 21, 17, 16, 13, 10, 12, 10, 8, 8, 8, 7, 7, 7, 7, 7, 7, 7, 8, 7, 8, 6, 6, 8, 7, 9, 8, 6, 4, 6, 6, 6, 5, 5, 4, 5, 4, 4, 4, 4, 4, 8, 6, 6, 6, 6, 4, 5, 2, 2, 3, 2, 4, 4, 6, 0]
[34, 28, 26, 24, 24, 18, 17, 16, 15, 14, 10, 11, 10, 10, 11, 9, 8, 8, 6, 6, 6, 7, 8, 6, 6, 8, 6, 6, 6, 6, 6, 6, 6, 6, 6, 6, 6, 6, 7, 6, 8, 10, 8, 8, 6, 8, 6, 6, 6, 6, 6, 6, 6, 6, 6, 6, 7, 4, 4, 6, 4, 4, 4, 4, 6, 4, 4, 4, 4, 6, 4, 4, 4, 4, 6, 6, 6, 6, 4, 2, 2, 4, 4, 4, 2, 2, 4, 2, 2, 2, 2, 0]
[36, 33, 27, 26, 25, 21, 20, 16, 17, 11, 9, 7, 9, 9, 7, 7, 7, 7, 6, 6, 6, 8, 8, 6, 6, 6, 8, 6, 5, 4, 4, 4, 6, 5, 5, 6, 5, 4, 5, 4, 4, 6, 6, 4, 4, 6, 4, 5, 5, 3, 5, 6, 6, 5, 5, 5, 6, 7, 4, 4, 4, 3, 4, 4, 4, 4, 6, 5, 4, 2, 4, 4, 4, 2, 4, 4, 2, 2, 4, 6, 4, 2, 2, 0]
[37, 32, 26, 22, 17, 15, 17, 16, 12, 9, 8, 9, 9, 10, 9, 8, 7, 7, 8, 7, 7, 7, 8, 4, 4, 4, 2, 4, 3, 3, 2, 2, 2, 2, 2, 2, 2, 2, 2, 0]
[30, 27, 25, 24, 22, 21, 19, 18, 16, 14, 12, 10, 10, 9, 8, 9, 9, 8, 7, 7, 7, 7, 7, 6, 7, 6, 6, 6, 6, 6, 6, 6, 6, 6, 6, 6, 6, 6, 6, 6, 6, 6, 6, 6, 6, 4, 6, 2, 6, 6, 4, 6, 4, 2, 6, 4, 4, 6, 3, 4, 2, 2, 2, 4, 4, 0]
[36, 29, 26, 23, 16, 18, 18, 16, 16, 15, 14, 11, 12, 8, 8, 6, 6, 6, 7, 8, 6, 6, 6, 6, 6, 4, 6, 4, 4, 4, 4, 2, 4, 5, 2, 2, 2, 0]
[36, 34, 28, 25, 23, 18, 14, 14, 12, 12, 12, 11, 9, 9, 10, 11, 6, 9, 9, 8, 6, 8, 6, 6, 6, 6, 6, 2, 4, 6, 6, 8, 4, 4, 4, 6, 5, 8, 6, 6, 4, 4, 2, 4, 2, 2, 2, 2, 4, 2, 2, 4, 4, 2, 6, 0]
[32, 30, 26, 23, 22, 21, 20, 17, 16, 15, 15, 13, 13, 9, 11, 9, 7, 9, 7, 10, 8, 8, 6, 8, 8, 8, 6, 6, 5, 5, 6, 6, 4, 4, 4, 4, 4, 4, 2, 4, 3, 3, 4, 3, 3, 2, 2, 2, 2, 2, 2, 0]
[38, 31, 23, 22, 18, 16, 14, 12, 12, 12, 11, 10, 12, 7, 4, 4, 4, 4, 6, 6, 4, 4, 4, 4, 6, 6, 4, 5, 6, 6, 6, 6, 6, 4, 6, 7, 7, 6, 6, 5, 6, 6, 4, 4, 4, 4, 3, 3, 2, 2, 4, 4, 4, 6, 4, 4, 4, 4, 4, 4, 6, 6, 4, 6, 4, 6, 6, 6, 6, 4, 8, 6, 6, 8, 6, 4, 6, 5, 4, 6, 5, 7, 6, 6, 6, 4, 4, 6, 6, 4, 4, 4, 4, 4, 4, 5, 5, 4, 2, 4, 4, 5, 6, 5, 5, 5, 6, 6, 6, 6, 2, 2, 4, 4, 2, 2, 2, 2, 2, 2, 4, 2, 4, 4, 4, 4, 8, 6, 4, 4, 8, 4, 4, 2, 2, 2, 4, 2, 4, 2, 0]
[33, 22, 22, 20, 14, 13, 13, 13, 9, 13, 11, 10, 9, 9, 9, 6, 6, 5, 5, 5, 6, 3, 3, 4, 4, 2, 2, 2, 2, 2, 2, 4, 2, 2, 2, 4, 2, 2, 2, 4, 6, 4, 2, 4, 4, 4, 2, 0]
[36, 33, 25, 25, 19, 18, 18, 16, 16, 14, 13, 13, 14, 14, 11, 11, 11, 11, 9, 7, 6, 8, 2, 4, 4, 2, 2, 2, 2, 2, 2, 4, 4, 0]
[38, 33, 28, 20, 18, 15, 14, 12, 10, 7, 7, 6, 7, 5, 4, 4, 4, 6, 6, 4, 4, 4, 4, 2, 2, 2, 5, 4, 4, 4, 2, 2, 2, 2, 2, 4, 2, 0]
[38, 33, 28, 22, 17, 13, 13, 11, 6, 6, 4, 5, 6, 2, 4, 4, 2, 2, 2, 2, 2, 2, 2, 4, 4, 4, 4, 2, 2, 2, 2, 2, 2, 2, 0]
[35, 26, 25, 22, 17, 16, 16, 14, 15, 14, 13, 9, 11, 10, 10, 7, 7, 7, 8, 7, 7, 7, 6, 4, 5, 4, 6, 6, 6, 4, 4, 4, 4, 6, 6, 6, 5, 4, 4, 4, 6, 6, 6, 8, 8, 6, 4, 6, 6, 6, 4, 6, 6, 4, 3, 4, 6, 6, 6, 4, 4, 4, 6, 4, 8, 4, 6, 6, 4, 4, 6, 4, 4, 4, 4, 4, 4, 6, 6, 4, 4, 4, 4, 4, 4, 6, 4, 4, 5, 6, 6, 5, 6, 6, 4, 3, 5, 6, 6, 7, 5, 4, 5, 5, 4, 4, 4, 3, 5, 4, 4, 2, 2, 4, 4, 2, 0]
[39, 31, 27, 27, 22, 21, 17, 16, 16, 10, 12, 12, 10, 10, 9, 7, 7, 5, 4, 4, 6, 6, 4, 4, 2, 2, 4, 2, 2, 2, 2, 4, 2, 0]
[31, 28, 23, 21, 16, 14, 14, 14, 8, 10, 10, 10, 10, 8, 7, 8, 8, 7, 8, 6, 8, 6, 6, 7, 6, 7, 6, 4, 4, 6, 6, 6, 4, 6, 6, 6, 6, 6, 4, 4, 4, 4, 4, 4, 6, 7, 7, 6, 6, 5, 5, 4, 4, 4, 4, 5, 4, 5, 4, 5, 6, 6, 6, 6, 6, 6, 6, 6, 6, 6, 5, 4, 5, 4, 4, 4, 4, 2, 2, 2, 4, 4, 2, 4, 4, 6, 6, 4, 4, 4, 6, 4, 4, 4, 4, 4, 4, 4, 4, 2, 2, 4, 2, 2, 2, 2, 2, 3, 4, 4, 5, 6, 4, 4, 2, 4, 4, 2, 2, 4, 2, 4, 2, 2, 4, 4, 2, 2, 0]
[36, 31, 25, 23, 18, 18, 18, 14, 13, 14, 10, 10, 9, 10, 9, 7, 8, 7, 8, 6, 6, 8, 8, 10, 9, 9, 10, 7, 7, 5, 5, 4, 5, 5, 4, 8, 6, 4, 4, 4, 4, 6, 4, 4, 4, 4, 2, 2, 4, 4, 4, 4, 2, 2, 2, 4, 2, 2, 2, 2, 0]
[36, 30, 29, 25, 24, 19, 18, 17, 14, 14, 13, 13, 14, 12, 10, 10, 10, 8, 7, 6, 6, 6, 4, 4, 4, 4, 4, 4, 5, 5, 4, 2, 3, 3, 3, 3, 2, 4, 5, 5, 5, 5, 5, 5, 5, 7, 7, 6, 5, 4, 3, 5, 4, 4, 4, 2, 2, 0]
[36, 30, 21, 21, 19, 15, 16, 13, 13, 11, 11, 8, 10, 10, 9, 8, 8, 9, 10, 7, 9, 9, 9, 8, 7, 8, 8, 7, 7, 7, 7, 6, 8, 4, 4, 4, 6, 4, 4, 4, 0]
[34, 31, 27, 26, 19, 19, 19, 18, 13, 15, 12, 13, 13, 13, 10, 11, 9, 9, 5, 5, 7, 7, 7, 2, 4, 3, 4, 3, 5, 6, 4, 4, 4, 4, 4, 4, 2, 4, 6, 2, 2, 2, 4, 2, 4, 4, 5, 5, 3, 2, 4, 4, 2, 4, 2, 2, 0]
[39, 32, 29, 25, 23, 21, 20, 17, 14, 13, 14, 11, 11, 7, 8, 7, 6, 8, 6, 4, 4, 5, 4, 6, 6, 6, 4, 6, 7, 6, 6, 8, 4, 6, 4, 4, 6, 5, 4, 4, 4, 4, 4, 4, 4, 4, 4, 6, 6, 4, 4, 5, 6, 6, 6, 6, 4, 4, 4, 4, 4, 4, 4, 6, 6, 4, 2, 4, 4, 4, 6, 4, 6, 6, 6, 6, 4, 5, 5, 6, 6, 6, 5, 5, 4, 6, 4, 4, 2, 2, 2, 2, 0]
[34, 30, 25, 22, 19, 16, 13, 12, 10, 10, 9, 11, 11, 9, 8, 8, 9, 8, 8, 10, 8, 8, 8, 9, 8, 6, 6, 5, 7, 8, 7, 7, 7, 8, 6, 5, 7, 7, 7, 5, 5, 6, 7, 5, 7, 6, 5, 5, 5, 5, 7, 5, 5, 3, 3, 3, 3, 3, 2, 4, 4, 4, 5, 2, 3, 2, 2, 2, 2, 2, 4, 4, 4, 4, 4, 6, 3, 3, 3, 3, 2, 2, 2, 4, 4, 4, 2, 2, 4, 4, 4, 2, 2, 4, 5, 3, 3, 3, 3, 3, 3, 4, 4, 4, 4, 3, 4, 5, 4, 4, 6, 4, 6, 4, 2, 2, 2, 4, 4, 5, 2, 2, 2, 2, 2, 4, 4, 4, 4, 4, 4, 4, 2, 4, 4, 4, 4, 4, 4, 5, 5, 6, 6, 4, 4, 4, 4, 4, 4, 4, 2, 4, 4, 4, 2, 5, 4, 5, 4, 5, 4, 4, 4, 4, 2, 5, 2, 2, 3, 2, 2, 2, 0]
[38, 32, 25, 25, 16, 19, 17, 12, 11, 10, 10, 11, 8, 8, 8, 6, 8, 8, 7, 7, 5, 6, 6, 6, 6, 4, 6, 6, 6, 4, 6, 4, 6, 4, 4, 4, 4, 2, 4, 4, 4, 6, 6, 4, 4, 4, 4, 4, 6, 6, 2, 4, 2, 2, 2, 2, 2, 4, 2, 4, 2, 4, 4, 2, 2, 2, 2, 2, 2, 2, 4, 0]
[39, 30, 27, 21, 17, 9, 9, 8, 6, 8, 7, 6, 8, 6, 8, 7, 8, 8, 2, 4, 0]
[31, 27, 23, 19, 18, 12, 14, 15, 12, 13, 13, 12, 11, 11, 11, 9, 9, 9, 5, 5, 7, 5, 7, 2, 4, 4, 2, 4, 2, 2, 2, 2, 3, 2, 4, 4, 4, 5, 5, 4, 4, 4, 3, 3, 3, 3, 3, 3, 3, 3, 2, 4, 2, 4, 2, 5, 4, 4, 2, 2, 2, 2, 2, 0]
[37, 26, 25, 19, 17, 15, 16, 12, 10, 5, 5, 5, 5, 5, 3, 3, 3, 3, 3, 3, 3, 3, 2, 2, 2, 3, 3, 3, 3, 3, 5, 3, 3, 3, 2, 2, 2, 2, 2, 4, 2, 4, 2, 2, 2, 2, 2, 2, 0]
[37, 31, 19, 15, 15, 13, 13, 11, 10, 9, 9, 9, 7, 7, 7, 7, 6, 7, 7, 8, 7, 6, 9, 10, 8, 7, 5, 7, 7, 5, 4, 4, 4, 5, 5, 5, 5, 5, 5, 6, 7, 7, 7, 5, 4, 4, 8, 5, 5, 4, 6, 7, 5, 4, 2, 2, 2, 2, 4, 4, 4, 4, 4, 4, 4, 6, 5, 2, 5, 6, 6, 4, 4, 6, 4, 2, 4, 2, 2, 2, 2, 2, 2, 2, 2, 4, 4, 4, 4, 4, 2, 2, 2, 2, 5, 2, 2, 2, 0]
[35, 29, 26, 24, 22, 18, 18, 17, 15, 13, 13, 12, 12, 12, 11, 8, 10, 10, 10, 13, 11, 9, 10, 9, 9, 7, 7, 7, 7, 8, 8, 7, 6, 7, 7, 8, 6, 8, 5, 4, 3, 2, 4, 4, 5, 2, 2, 2, 2, 2, 2, 3, 3, 4, 4, 4, 3, 4, 2, 2, 4, 2, 2, 2, 4, 4, 2, 2, 0]
[35, 31, 27, 21, 16, 16, 16, 14, 12, 10, 11, 10, 10, 6, 6, 6, 6, 6, 6, 4, 4, 5, 6, 6, 6, 4, 4, 4, 3, 2, 2, 4, 4, 2, 2, 4, 5, 3, 5, 3, 3, 3, 3, 4, 4, 3, 4, 4, 5, 3, 4, 3, 5, 4, 4, 2, 2, 4, 4, 2, 2, 4, 0]
[30, 28, 22, 19, 20, 14, 11, 11, 11, 12, 12, 10, 9, 9, 9, 7, 11, 11, 10, 7, 8, 7, 7, 7, 7, 6, 6, 8, 8, 7, 6, 6, 5, 6, 4, 6, 7, 7, 6, 5, 7, 6, 6, 5, 4, 4, 4, 2, 2, 3, 4, 2, 2, 2, 2, 2, 3, 2, 2, 4, 5, 4, 3, 2, 3, 3, 2, 2, 2, 2, 2, 2, 2, 2, 2, 0]
[35, 31, 26, 24, 18, 17, 16, 12, 10, 8, 6, 8, 8, 8, 6, 6, 2, 4, 4, 2, 4, 4, 4, 4, 4, 4, 0]
[33, 29, 25, 15, 13, 14, 10, 12, 12, 10, 10, 10, 8, 9, 6, 9, 5, 6, 6, 6, 6, 5, 8, 6, 6, 5, 5, 5, 5, 5, 5, 5, 6, 5, 5, 7, 4, 4, 6, 8, 6, 6, 6, 6, 4, 4, 4, 6, 4, 2, 4, 2, 2, 2, 3, 2, 4, 3, 0]
[34, 28, 26, 24, 19, 14, 16, 13, 11, 11, 8, 6, 6, 6, 6, 6, 8, 8, 8, 7, 8, 6, 8, 6, 7, 6, 4, 4, 0]
[41, 33, 30, 27, 21, 21, 18, 17, 15, 15, 15, 13, 11, 11, 12, 9, 10, 10, 9, 11, 10, 7, 5, 9, 7, 5, 7, 3, 3, 5, 5, 5, 3, 3, 3, 5, 3, 3, 3, 3, 4, 4, 2, 5, 5, 5, 4, 2, 4, 4, 4, 4, 4, 4, 2, 5, 4, 5, 6, 4, 2, 4, 4, 4, 4, 4, 6, 2, 2, 0]
[31, 27, 26, 19, 18, 18, 12, 14, 13, 12, 8, 8, 6, 6, 9, 9, 9, 7, 9, 7, 6, 6, 7, 6, 7, 6, 5, 4, 5, 5, 7, 6, 4, 4, 4, 4, 4, 3, 3, 4, 3, 3, 4, 2, 4, 2, 2, 4, 3, 4, 6, 5, 5, 5, 4, 3, 4, 4, 6, 5, 4, 4, 6, 2, 6, 4, 4, 4, 4, 2, 4, 4, 6, 4, 5, 3, 3, 3, 5, 2, 2, 4, 4, 4, 4, 3, 3, 2, 2, 3, 3, 4, 2, 3, 4, 4, 4, 6, 2, 2, 2, 2, 2, 2, 4, 2, 4, 2, 2, 2, 2, 2, 2, 4, 2, 2, 4, 2, 2, 2, 2, 2, 2, 2, 3, 4, 3, 3, 2, 3, 3, 4, 4, 4, 4, 4, 4, 2, 2, 2, 2, 2, 2, 2, 4, 4, 5, 6, 4, 2, 3, 2, 2, 2, 2, 4, 4, 4, 6, 4, 4, 4, 4, 4, 6, 6, 4, 4, 2, 4, 4, 2, 2, 2, 3, 2, 4, 4, 2, 2, 3, 2, 2, 2, 3, 2, 2, 2, 2, 2, 4, 4, 4, 4, 5, 4, 4, 4, 2, 4, 4, 4, 4, 2, 4, 4, 4, 4, 4, 4, 4, 4, 6, 6, 6, 4, 4, 2, 6, 6, 4, 6, 6, 6, 8, 2, 4, 2, 2, 2, 4, 4, 2, 2, 2, 3, 4, 2, 4, 4, 4, 4, 6, 4, 2, 2, 4, 4, 4, 6, 6, 6, 6, 6, 6, 5, 4, 2, 2, 4, 4, 4, 2, 4, 4, 4, 4, 5, 5, 5, 3, 3, 6, 3, 5, 3, 5, 5, 4, 4, 6, 4, 4, 2, 4, 2, 3, 2, 2, 2, 2, 4, 2, 2, 2, 2, 2, 2, 2, 2, 4, 2, 2, 2, 2, 2, 2, 2, 2, 2, 2, 2, 2, 2, 2, 2, 2, 2, 2, 2, 2, 2, 2, 2, 4, 2, 2, 0]
[38, 34, 27, 22, 22, 20, 17, 15, 15, 12, 11, 11, 11, 11, 11, 11, 12, 8, 10, 10, 7, 9, 8, 9, 6, 8, 8, 6, 5, 6, 6, 4, 4, 7, 7, 7, 7, 7, 4, 4, 4, 4, 5, 4, 5, 4, 4, 4, 4, 4, 4, 6, 6, 6, 6, 6, 4, 6, 4, 4, 2, 2, 0]
[35, 34, 27, 23, 18, 17, 15, 13, 12, 10, 8, 10, 8, 8, 6, 6, 8, 4, 4, 4, 0]
[39, 28, 28, 26, 23, 22, 19, 14, 8, 8, 8, 8, 6, 6, 6, 6, 4, 4, 6, 6, 6, 8, 6, 4, 2, 2, 2, 4, 4, 4, 4, 4, 8, 6, 4, 4, 4, 5, 5, 4, 2, 4, 4, 2, 2, 2, 3, 4, 4, 2, 4, 4, 4, 4, 4, 4, 4, 4, 4, 6, 4, 6, 4, 4, 4, 4, 4, 2, 2, 2, 4, 2, 2, 2, 2, 2, 0]
[36, 31, 26, 24, 20, 16, 15, 11, 12, 12, 8, 10, 10, 8, 6, 6, 6, 6, 6, 6, 6, 4, 4, 3, 5, 5, 6, 6, 4, 2, 6, 6, 4, 2, 2, 2, 2, 2, 6, 6, 6, 6, 4, 4, 4, 2, 2, 2, 2, 5, 4, 4, 4, 4, 4, 2, 4, 4, 6, 2, 2, 2, 4, 4, 0]
[38, 33, 26, 21, 19, 20, 16, 14, 14, 11, 11, 11, 11, 9, 11, 9, 8, 4, 5, 5, 7, 6, 7, 8, 7, 6, 5, 6, 5, 5, 8, 7, 4, 6, 4, 4, 4, 4, 6, 6, 4, 6, 4, 4, 4, 4, 6, 4, 6, 5, 6, 6, 6, 6, 6, 5, 4, 4, 5, 5, 5, 5, 5, 5, 5, 6, 6, 4, 4, 4, 5, 4, 4, 4, 4, 4, 4, 6, 6, 6, 4, 6, 4, 6, 6, 4, 6, 8, 6, 4, 4, 4, 4, 4, 4, 4, 4, 4, 4, 4, 4, 4, 6, 4, 4, 4, 6, 6, 6, 6, 6, 4, 6, 6, 4, 5, 4, 5, 4, 5, 4, 6, 4, 4, 6, 5, 4, 5, 5, 6, 5, 4, 4, 4, 5, 5, 4, 4, 4, 6, 5, 6, 4, 4, 4, 4, 4, 4, 4, 4, 4, 4, 4, 4, 5, 5, 4, 4, 4, 4, 4, 6, 4, 4, 4, 5, 4, 4, 4, 4, 5, 4, 4, 4, 4, 5, 4, 5, 5, 6, 5, 5, 6, 6, 4, 5, 4, 6, 6, 6, 6, 6, 6, 6, 6, 7, 7, 4, 4, 4, 6, 6, 6, 6, 6, 6, 6, 4, 6, 6, 4, 4, 4, 4, 4, 4, 4, 4, 4, 4, 4, 6, 6, 4, 6, 6, 6, 4, 6, 6, 4, 4, 4, 4, 6, 4, 6, 5, 5, 4, 4, 2, 4, 4, 4, 4, 4, 4, 4, 4, 4, 0]
[29, 29, 19, 21, 18, 14, 15, 14, 13, 12, 10, 10, 10, 9, 11, 11, 10, 10, 9, 9, 9, 9, 7, 7, 10, 9, 8, 6, 6, 6, 6, 6, 6, 6, 8, 10, 8, 6, 6, 6, 4, 4, 5, 5, 3, 6, 6, 2, 2, 2, 2, 2, 2, 4, 4, 4, 4, 6, 4, 2, 2, 2, 2, 2, 2, 2, 2, 4, 2, 2, 4, 2, 4, 2, 2, 2, 2, 2, 2, 0]
[36, 32, 28, 26, 17, 15, 15, 14, 13, 14, 12, 12, 6, 6, 8, 8, 4, 8, 6, 7, 6, 6, 6, 6, 4, 4, 8, 6, 4, 4, 4, 4, 4, 4, 4, 4, 6, 4, 6, 4, 2, 2, 2, 2, 4, 4, 6, 6, 4, 2, 4, 2, 2, 2, 2, 2, 4, 4, 0]
[36, 35, 28, 24, 21, 17, 16, 13, 13, 9, 9, 9, 9, 7, 9, 7, 7, 7, 7, 5, 5, 5, 7, 5, 7, 7, 7, 8, 7, 5, 7, 9, 7, 5, 5, 5, 7, 5, 5, 5, 4, 4, 6, 4, 4, 6, 4, 6, 4, 4, 5, 4, 6, 4, 4, 6, 7, 6, 6, 4, 4, 4, 8, 4, 4, 6, 6, 4, 4, 4, 4, 4, 4, 6, 6, 6, 8, 6, 6, 4, 6, 6, 4, 6, 6, 6, 5, 4, 6, 6, 6, 6, 5, 4, 4, 6, 4, 4, 6, 6, 6, 6, 4, 5, 4, 5, 5, 4, 4, 4, 7, 6, 6, 6, 6, 4, 6, 4, 4, 4, 4, 6, 6, 6, 6, 6, 8, 4, 8, 4, 4, 4, 4, 4, 4, 4, 4, 4, 4, 6, 8, 6, 6, 6, 6, 6, 6, 6, 6, 6, 6, 7, 6, 6, 6, 6, 6, 4, 6, 4, 5, 4, 4, 4, 4, 6, 4, 6, 6, 4, 4, 4, 4, 8, 6, 6, 6, 6, 6, 5, 6, 7, 6, 6, 6, 6, 6, 7, 6, 7, 4, 5, 5, 7, 5, 5, 5, 7, 4, 4, 4, 6, 6, 4, 4, 6, 6, 6, 6, 6, 6, 6, 6, 6, 6, 6, 4, 6, 6, 6, 4, 6, 6, 6, 6, 6, 6, 4, 4, 4, 4, 4, 4, 4, 4, 6, 4, 5, 6, 6, 5, 5, 5, 7, 4, 4, 4, 6, 4, 4, 4, 6, 6, 4, 4, 6, 6, 6, 4, 4, 4, 4, 4, 4, 4, 4, 6, 8, 6, 6, 6, 6, 6, 4, 6, 6, 6, 5, 8, 6, 6, 6, 4, 4, 6, 4, 6, 4, 6, 6, 6, 5, 6, 6, 6, 6, 8, 8, 4, 8, 10, 10, 6, 6, 6, 6, 6, 6, 8, 4, 6, 4, 4, 4, 4, 4, 6, 6, 4, 2, 6, 6, 4, 4, 5, 4, 4, 6, 4, 4, 4, 2, 4, 4, 2, 2, 4, 2, 4, 4, 4, 4, 4, 4, 4, 4, 3, 3, 5, 4, 3, 3, 2, 2, 3, 4, 4, 4, 2, 2, 2, 2, 2, 3, 2, 4, 2, 4, 4, 5, 3, 3, 5, 4, 5, 4, 6, 6, 6, 6, 2, 2, 4, 4, 2, 2, 2, 2, 4, 4, 4, 2, 4, 2, 2, 2, 2, 2, 4, 4, 0]
[39, 32, 29, 22, 16, 14, 12, 10, 8, 8, 6, 10, 8, 6, 6, 7, 9, 8, 8, 8, 6, 6, 6, 6, 7, 5, 6, 5, 7, 7, 7, 5, 6, 6, 6, 6, 4, 6, 6, 6, 7, 6, 8, 8, 6, 4, 4, 4, 4, 4, 4, 6, 4, 6, 4, 4, 6, 4, 4, 4, 6, 4, 4, 6, 4, 6, 6, 6, 6, 6, 6, 8, 6, 7, 6, 6, 4, 5, 6, 4, 6, 8, 6, 4, 4, 4, 6, 4, 4, 4, 4, 6, 6, 6, 6, 6, 6, 6, 6, 6, 6, 6, 4, 6, 6, 6, 6, 6, 6, 6, 4, 6, 6, 6, 6, 6, 6, 6, 6, 6, 6, 6, 4, 6, 6, 6, 7, 6, 7, 6, 8, 4, 6, 6, 4, 4, 4, 4, 4, 4, 4, 2, 4, 4, 4, 4, 4, 4, 4, 4, 4, 4, 4, 5, 4, 4, 4, 4, 4, 6, 2, 4, 2, 4, 2, 2, 2, 2, 3, 2, 4, 2, 2, 2, 2, 2, 2, 2, 4, 4, 4, 4, 2, 3, 2, 2, 2, 2, 3, 4, 3, 3, 3, 2, 3, 2, 4, 4, 4, 2, 2, 2, 4, 6, 4, 4, 4, 3, 2, 3, 3, 4, 2, 2, 2, 2, 2, 2, 4, 2, 2, 2, 2, 2, 2, 2, 2, 2, 2, 2, 2, 2, 2, 2, 4, 2, 2, 2, 4, 4, 2, 4, 4, 4, 4, 6, 6, 2, 4, 4, 4, 4, 4, 4, 6, 4, 4, 2, 6, 3, 6, 5, 4, 4, 4, 4, 4, 4, 4, 2, 2, 2, 4, 2, 4, 2, 2, 2, 4, 4, 4, 2, 0]
