[32, 32, 32, 29, 28, 23, 21, 21, 21, 21, 20, 19, 15, 14, 13, 12, 12, 11, 11, 11, 11, 11, 11, 11, 9, 11, 11, 9, 9, 9, 9, 9, 9, 9, 7, 7, 7, 7, 7, 5, 5, 5, 7, 7, 7, 7, 7, 7, 5, 5, 5, 5, 5, 5, 5, 5, 5, 4, 4, 4, 5, 5, 4, 4, 5, 5, 5, 5, 5, 5, 5, 5, 5, 5, 4, 4, 5, 4, 5, 5, 5, 5, 5, 5, 5, 5, 5, 5, 5, 5, 4, 4, 4, 4, 4, 4, 4, 4, 4, 4, 4, 4, 4, 4, 4, 6, 4, 4, 4, 4, 4, 4, 4, 4, 4, 4, 4, 4, 4, 4, 4, 6, 6, 6, 6, 4, 4, 4, 4, 6, 5, 4, 4, 6, 6, 6, 6, 6, 4, 4, 6, 6, 6, 4, 4, 4, 4, 4, 4, 4, 3, 3, 4, 4, 4, 4, 4, 4, 4, 4, 4, 4, 4, 4, 4, 4, 4, 4, 4, 5, 5, 5, 4, 4, 4, 4, 4, 4, 4, 4, 4, 4, 4, 4, 6, 4, 6, 6, 6, 4, 4, 4, 4, 4, 4, 4, 4, 4, 2, 2, 2, 2, 2, 2, 2, 2, 2, 2, 2, 2, 0]
[33, 33, 28, 26, 23, 21, 19, 21, 20, 19, 17, 16, 16, 10, 12, 12, 10, 12, 12, 10, 8, 10, 8, 8, 10, 10, 9, 8, 8, 7, 7, 7, 6, 6, 8, 8, 4, 4, 4, 4, 4, 4, 6, 6, 6, 4, 4, 4, 6, 6, 6, 4, 4, 4, 4, 4, 4, 4, 4, 4, 4, 5, 4, 4, 6, 5, 4, 5, 4, 4, 4, 4, 4, 4, 4, 4, 4, 4, 4, 4, 4, 4, 4, 4, 4, 4, 4, 4, 4, 4, 4, 4, 5, 5, 4, 4, 4, 4, 4, 4, 2, 2, 2, 2, 2, 4, 2, 2, 2, 2, 2, 2, 2, 2, 2, 4, 2, 2, 2, 2, 2, 2, 2, 2, 2, 2, 2, 2, 2, 3, 3, 2, 2, 2, 3, 2, 2, 2, 2, 2, 2, 2, 3, 2, 2, 2, 2, 2, 2, 2, 2, 2, 3, 2, 2, 2, 2, 3, 2, 2, 2, 2, 2, 2, 2, 2, 2, 2, 2, 2, 2, 2, 2, 2, 2, 2, 2, 2, 2, 2, 2, 2, 2, 2, 2, 2, 2, 2, 2, 2, 2, 2, 2, 2, 2, 2, 2, 2, 2, 2, 2, 2, 2, 2, 2, 2, 2, 2, 2, 2, 2, 2, 3, 2, 2, 2, 3, 4, 4, 2, 2, 2, 2, 2, 2, 2, 2, 3, 2, 2, 2, 2, 2, 0]
[36, 36, 32, 33, 30, 27, 25, 25, 24, 24, 22, 22, 16, 16, 16, 16, 17, 14, 14, 13, 12, 11, 10, 10, 10, 9, 9, 9, 9, 6, 9, 6, 6, 6, 6, 4, 6, 6, 6, 6, 6, 6, 4, 4, 4, 4, 4, 6, 4, 4, 4, 4, 4, 2, 4, 2, 2, 2, 4, 4, 2, 4, 2, 2, 2, 2, 2, 4, 2, 2, 2, 2, 2, 2, 2, 2, 2, 2, 2, 2, 2, 2, 2, 2, 2, 2, 4, 2, 2, 2, 2, 2, 2, 2, 2, 2, 2, 2, 2, 2, 2, 2, 2, 2, 2, 2, 2, 2, 2, 2, 2, 2, 2, 2, 2, 2, 2, 2, 2, 2, 2, 2, 2, 2, 2, 2, 2, 2, 2, 2, 2, 2, 2, 2, 2, 2, 2, 2, 2, 2, 2, 2, 4, 3, 3, 2, 2, 0]
[37, 35, 32, 33, 31, 28, 21, 20, 20, 16, 16, 16, 15, 12, 12, 10, 8, 9, 9, 9, 9, 8, 8, 8, 6, 8, 8, 7, 6, 6, 6, 6, 6, 4, 6, 5, 4, 6, 4, 4, 4, 6, 6, 4, 4, 4, 4, 4, 4, 4, 4, 4, 4, 4, 4, 4, 4, 4, 4, 4, 4, 4, 4, 4, 4, 4, 4, 4, 4, 4, 2, 4, 2, 2, 2, 2, 2, 2, 2, 2, 2, 2, 2, 2, 2, 4, 4, 4, 2, 2, 4, 4, 4, 4, 4, 2, 2, 2, 2, 2, 2, 2, 4, 4, 4, 4, 4, 4, 4, 4, 2, 2, 4, 2, 4, 4, 4, 4, 4, 4, 5, 5, 4, 4, 4, 2, 2, 2, 2, 4, 4, 4, 4, 4, 4, 4, 4, 4, 4, 4, 4, 4, 4, 4, 4, 4, 4, 4, 4, 2, 2, 2, 4, 2, 4, 4, 4, 4, 2, 4, 4, 2, 4, 4, 2, 2, 2, 2, 2, 2, 2, 2, 2, 2, 2, 2, 2, 2, 2, 2, 2, 2, 2, 2, 4, 4, 2, 2, 2, 2, 2, 2, 2, 2, 2, 2, 2, 2, 2, 2, 2, 4, 2, 2, 2, 2, 2, 2, 2, 2, 2, 3, 2, 2, 0]
[38, 36, 32, 28, 25, 25, 23, 23, 22, 16, 16, 16, 16, 16, 13, 11, 11, 10, 10, 11, 6, 8, 6, 8, 6, 2, 2, 0]
[32, 32, 30, 31, 23, 24, 22, 20, 20, 19, 17, 17, 13, 14, 15, 11, 9, 10, 10, 7, 8, 8, 6, 4, 4, 5, 5, 0]
[33, 31, 26, 23, 18, 19, 19, 14, 14, 14, 13, 11, 11, 11, 9, 7, 7, 9, 7, 7, 7, 7, 7, 5, 6, 7, 4, 5, 4, 4, 5, 5, 6, 6, 6, 6, 6, 6, 7, 7, 6, 6, 6, 5, 6, 6, 6, 6, 4, 4, 4, 4, 4, 4, 4, 4, 4, 4, 4, 4, 4, 4, 4, 4, 4, 4, 4, 4, 6, 4, 2, 2, 2, 2, 4, 2, 2, 2, 2, 2, 2, 2, 4, 2, 2, 4, 2, 2, 2, 2, 4, 2, 4, 2, 2, 4, 4, 2, 4, 4, 4, 2, 4, 2, 2, 2, 2, 2, 2, 2, 4, 2, 2, 2, 2, 2, 4, 2, 4, 4, 2, 4, 4, 4, 2, 2, 2, 2, 2, 0]
[35, 33, 30, 24, 21, 17, 14, 11, 10, 9, 8, 9, 7, 5, 5, 5, 4, 4, 4, 4, 4, 4, 3, 3, 3, 3, 3, 3, 4, 0]
[36, 35, 29, 25, 25, 22, 22, 20, 19, 17, 12, 12, 12, 12, 14, 12, 10, 10, 9, 7, 7, 8, 8, 9, 7, 7, 5, 5, 5, 6, 6, 6, 4, 4, 4, 4, 4, 6, 6, 4, 4, 4, 4, 4, 4, 4, 4, 4, 4, 4, 4, 4, 4, 4, 4, 4, 4, 4, 2, 2, 2, 4, 4, 4, 4, 4, 4, 2, 4, 4, 2, 2, 2, 2, 2, 2, 2, 2, 2, 2, 2, 2, 2, 2, 2, 2, 2, 2, 2, 2, 2, 2, 2, 2, 2, 2, 2, 2, 2, 2, 2, 2, 2, 0]
[31, 32, 31, 26, 24, 23, 21, 17, 17, 12, 12, 12, 12, 12, 11, 8, 8, 6, 7, 6, 6, 4, 4, 4, 4, 2, 2, 4, 4, 4, 2, 2, 2, 2, 2, 2, 2, 2, 2, 2, 2, 2, 4, 4, 4, 2, 2, 2, 2, 2, 4, 4, 2, 2, 2, 2, 2, 2, 2, 2, 2, 0]
[37, 36, 31, 30, 25, 27, 26, 22, 17, 21, 17, 17, 15, 13, 11, 9, 9, 8, 8, 10, 8, 6, 4, 4, 4, 4, 4, 4, 4, 5, 4, 4, 4, 4, 2, 2, 6, 2, 2, 4, 2, 2, 2, 2, 2, 2, 2, 2, 2, 2, 2, 2, 2, 2, 2, 2, 2, 2, 2, 2, 2, 2, 2, 2, 2, 2, 2, 2, 2, 2, 2, 2, 2, 2, 2, 2, 2, 2, 2, 2, 2, 2, 2, 2, 2, 2, 2, 2, 2, 2, 2, 2, 2, 2, 2, 2, 2, 4, 4, 4, 4, 2, 2, 2, 2, 2, 2, 2, 2, 4, 2, 2, 2, 3, 2, 3, 4, 3, 3, 2, 2, 2, 3, 3, 3, 3, 4, 4, 4, 4, 2, 2, 2, 2, 2, 2, 2, 2, 2, 2, 2, 2, 2, 2, 0]
[36, 31, 32, 30, 28, 27, 27, 26, 21, 21, 20, 18, 18, 13, 13, 13, 13, 12, 12, 11, 10, 9, 11, 9, 9, 9, 9, 9, 9, 9, 10, 9, 8, 8, 6, 8, 4, 4, 8, 6, 6, 4, 4, 5, 2, 2, 2, 2, 2, 2, 2, 2, 2, 2, 2, 4, 2, 2, 2, 2, 2, 2, 2, 2, 2, 2, 2, 2, 2, 2, 4, 2, 2, 2, 2, 2, 2, 2, 2, 2, 0]
[36, 34, 30, 32, 29, 28, 27, 25, 22, 19, 17, 17, 15, 15, 15, 13, 11, 13, 13, 10, 8, 9, 8, 8, 8, 8, 6, 4, 5, 4, 4, 2, 2, 2, 2, 2, 2, 2, 2, 2, 2, 2, 2, 2, 2, 2, 4, 4, 4, 4, 2, 2, 4, 4, 2, 2, 2, 2, 2, 0]
[34, 35, 34, 32, 30, 28, 27, 23, 23, 21, 17, 17, 12, 16, 15, 14, 14, 12, 11, 11, 12, 12, 10, 10, 10, 10, 8, 6, 8, 8, 6, 4, 4, 4, 4, 4, 4, 4, 4, 2, 4, 4, 4, 4, 4, 2, 4, 4, 4, 4, 4, 4, 4, 4, 5, 4, 4, 2, 2, 2, 2, 2, 2, 2, 2, 2, 2, 2, 2, 2, 2, 2, 2, 2, 2, 2, 2, 2, 2, 2, 2, 2, 2, 2, 2, 2, 2, 2, 2, 4, 2, 2, 2, 2, 2, 2, 4, 4, 4, 4, 4, 4, 2, 2, 2, 2, 4, 4, 4, 3, 4, 2, 2, 2, 4, 4, 2, 2, 4, 2, 2, 2, 2, 2, 2, 2, 2, 2, 2, 2, 2, 2, 2, 2, 2, 2, 2, 2, 0]
[33, 31, 29, 23, 23, 27, 20, 20, 20, 16, 15, 13, 11, 11, 11, 8, 11, 8, 7, 9, 8, 8, 8, 8, 8, 7, 5, 6, 7, 6, 7, 7, 5, 4, 4, 4, 4, 4, 4, 4, 2, 5, 5, 5, 4, 5, 5, 4, 4, 5, 4, 4, 4, 2, 4, 2, 4, 4, 4, 0]
