[32, 32, 29, 29, 25, 25, 24, 24, 21, 19, 19, 19, 16, 13, 13, 14, 13, 12, 10, 10, 9, 9, 7, 9, 8, 6, 8, 8, 8, 7, 7, 6, 6, 6, 6, 6, 6, 6, 6, 4, 4, 6, 4, 6, 4, 4, 4, 4, 4, 4, 4, 4, 4, 4, 4, 4, 4, 4, 4, 4, 4, 4, 4, 4, 4, 4, 4, 4, 4, 4, 4, 4, 4, 4, 4, 4, 4, 4, 4, 4, 4, 4, 4, 4, 4, 4, 4, 4, 4, 4, 2, 4, 4, 4, 4, 4, 4, 4, 4, 4, 4, 4, 4, 4, 4, 4, 4, 4, 5, 5, 4, 4, 4, 4, 4, 4, 4, 2, 2, 2, 2, 2, 2, 4, 4, 4, 4, 2, 2, 2, 2, 2, 2, 2, 2, 4, 2, 2, 2, 4, 4, 4, 2, 4, 4, 4, 2, 2, 2, 2, 2, 4, 4, 4, 2, 2, 2, 2, 2, 2, 2, 2, 2, 2, 2, 2, 2, 2, 2, 2, 2, 2, 2, 2, 2, 2, 2, 2, 2, 2, 2, 2, 0]
[37, 36, 33, 31, 27, 25, 21, 21, 20, 20, 16, 17, 16, 15, 11, 13, 13, 11, 11, 11, 9, 9, 9, 9, 9, 7, 9, 5, 7, 5, 7, 5, 5, 5, 7, 5, 5, 5, 5, 5, 5, 5, 5, 5, 5, 5, 5, 5, 5, 5, 5, 5, 4, 5, 5, 5, 5, 5, 5, 5, 5, 5, 5, 6, 4, 5, 5, 5, 4, 5, 5, 5, 5, 5, 5, 5, 5, 5, 5, 5, 4, 4, 4, 4, 2, 2, 2, 2, 0]
[37, 36, 32, 28, 28, 25, 20, 21, 21, 21, 18, 19, 17, 15, 15, 15, 11, 12, 11, 10, 10, 10, 8, 8, 8, 6, 8, 8, 8, 8, 6, 8, 6, 8, 6, 4, 4, 4, 4, 4, 2, 2, 2, 2, 2, 2, 4, 2, 2, 2, 2, 2, 2, 2, 2, 2, 2, 2, 2, 4, 2, 4, 4, 4, 2, 2, 4, 6, 2, 2, 4, 3, 2, 2, 2, 2, 2, 4, 2, 2, 2, 2, 2, 2, 3, 4, 2, 3, 2, 2, 2, 2, 2, 2, 2, 2, 2, 2, 2, 2, 2, 2, 2, 2, 2, 2, 2, 2, 2, 2, 2, 2, 2, 2, 2, 2, 2, 2, 2, 2, 2, 2, 2, 2, 0]
[35, 33, 30, 26, 26, 27, 23, 21, 20, 20, 19, 19, 12, 12, 11, 12, 11, 11, 9, 10, 9, 9, 9, 7, 4, 4, 8, 8, 4, 4, 2, 2, 2, 4, 6, 5, 6, 2, 2, 2, 4, 4, 2, 2, 2, 2, 2, 2, 2, 2, 2, 0]
[36, 37, 28, 28, 23, 25, 24, 24, 19, 20, 18, 17, 15, 16, 15, 15, 12, 13, 12, 6, 6, 6, 6, 6, 6, 6, 6, 6, 6, 6, 7, 7, 7, 5, 5, 8, 7, 8, 8, 4, 5, 6, 6, 6, 6, 6, 6, 4, 4, 4, 4, 2, 3, 4, 2, 2, 2, 2, 2, 2, 2, 2, 3, 3, 3, 3, 3, 3, 3, 3, 3, 3, 3, 3, 3, 4, 4, 2, 4, 2, 2, 2, 2, 2, 2, 2, 4, 4, 2, 3, 2, 2, 4, 4, 4, 3, 2, 2, 2, 3, 2, 2, 4, 4, 4, 2, 2, 4, 5, 4, 4, 2, 2, 0]
[36, 31, 29, 24, 25, 24, 24, 23, 21, 21, 20, 17, 14, 12, 13, 13, 11, 11, 9, 11, 9, 10, 9, 9, 8, 8, 8, 6, 6, 6, 4, 4, 4, 4, 3, 4, 4, 3, 5, 5, 4, 4, 4, 4, 4, 4, 4, 4, 4, 4, 5, 4, 4, 4, 5, 2, 2, 4, 4, 4, 4, 2, 4, 4, 4, 4, 4, 4, 3, 4, 2, 2, 2, 4, 0]
[33, 31, 30, 29, 27, 24, 24, 24, 25, 23, 22, 18, 17, 17, 15, 15, 14, 11, 11, 9, 9, 7, 9, 7, 7, 7, 7, 7, 7, 6, 4, 4, 4, 4, 2, 2, 2, 2, 2, 2, 2, 2, 2, 2, 2, 2, 2, 2, 2, 2, 2, 2, 4, 2, 2, 2, 4, 4, 2, 2, 2, 2, 2, 2, 2, 2, 2, 2, 2, 2, 2, 2, 2, 2, 2, 2, 2, 2, 2, 2, 2, 2, 2, 2, 2, 2, 2, 4, 2, 2, 2, 2, 2, 2, 2, 2, 2, 2, 2, 2, 2, 2, 2, 2, 2, 2, 2, 4, 4, 4, 4, 4, 2, 2, 4, 4, 4, 3, 2, 3, 3, 2, 3, 3, 3, 2, 2, 2, 2, 3, 3, 3, 2, 3, 3, 2, 2, 2, 2, 4, 4, 4, 4, 4, 2, 2, 2, 2, 4, 2, 2, 2, 2, 2, 2, 2, 2, 2, 2, 2, 2, 2, 2, 2, 2, 2, 2, 2, 2, 2, 2, 2, 2, 2, 2, 2, 2, 2, 2, 2, 4, 4, 4, 2, 4, 4, 4, 2, 2, 2, 2, 2, 2, 2, 2, 2, 2, 2, 0]
[35, 35, 34, 29, 29, 25, 24, 23, 21, 20, 20, 19, 14, 10, 10, 11, 11, 11, 12, 14, 11, 10, 10, 7, 7, 7, 7, 6, 6, 6, 6, 4, 4, 4, 4, 4, 4, 4, 4, 4, 4, 4, 4, 4, 4, 4, 4, 4, 4, 4, 4, 4, 4, 4, 4, 4, 4, 4, 4, 5, 5, 4, 4, 4, 4, 4, 5, 5, 5, 4, 4, 5, 5, 5, 5, 4, 4, 4, 5, 4, 5, 5, 6, 6, 5, 5, 5, 5, 4, 4, 4, 4, 4, 4, 4, 5, 5, 4, 4, 5, 4, 4, 4, 4, 4, 4, 4, 4, 4, 4, 4, 4, 4, 4, 6, 6, 6, 6, 6, 4, 4, 4, 5, 6, 4, 6, 4, 6, 6, 6, 7, 6, 6, 6, 6, 6, 6, 4, 4, 4, 4, 4, 4, 4, 4, 4, 4, 4, 4, 4, 4, 4, 4, 4, 4, 4, 4, 4, 4, 4, 4, 4, 2, 2, 2, 4, 4, 4, 4, 4, 4, 4, 4, 4, 4, 4, 4, 4, 4, 4, 4, 4, 4, 4, 4, 4, 4, 4, 4, 4, 4, 4, 4, 4, 4, 4, 4, 4, 4, 2, 4, 4, 4, 4, 4, 4, 4, 4, 4, 4, 4, 4, 4, 4, 4, 4, 4, 4, 4, 4, 4, 2, 4, 4, 4, 4, 4, 4, 4, 4, 4, 2, 2, 2, 4, 4, 2, 2, 2, 4, 2, 2, 4, 2, 4, 2, 2, 2, 2, 2, 4, 2, 2, 2, 2, 2, 2, 4, 4, 3, 3, 2, 2, 2, 2, 2, 2, 2, 2, 2, 2, 2, 2, 2, 2, 2, 2, 2, 2, 2, 2, 2, 2, 2, 2, 2, 2, 2, 2, 2, 2, 2, 2, 2, 2, 2, 2, 2, 2, 2, 2, 2, 2, 2, 2, 2, 2, 2, 2, 2, 2, 2, 2, 2, 2, 2, 2, 2, 2, 2, 2, 2, 3, 4, 4, 4, 2, 2, 2, 2, 2, 2, 2, 2, 2, 2, 2, 2, 2, 2, 0]
[38, 34, 32, 27, 26, 27, 25, 24, 21, 21, 20, 21, 18, 16, 16, 14, 12, 12, 12, 8, 11, 10, 10, 9, 7, 7, 9, 7, 7, 7, 6, 7, 6, 4, 6, 6, 6, 6, 6, 4, 4, 4, 4, 2, 2, 2, 2, 2, 4, 4, 4, 4, 4, 2, 2, 2, 2, 2, 2, 2, 2, 2, 2, 2, 2, 2, 2, 2, 2, 2, 2, 2, 2, 2, 2, 2, 2, 2, 2, 2, 2, 2, 2, 2, 2, 2, 2, 2, 2, 2, 2, 2, 2, 4, 4, 4, 2, 4, 4, 2, 2, 2, 2, 2, 2, 2, 2, 4, 4, 2, 2, 2, 2, 2, 2, 2, 2, 2, 2, 2, 2, 2, 2, 0]
[34, 31, 31, 24, 21, 20, 21, 20, 17, 15, 17, 16, 16, 15, 13, 11, 11, 11, 10, 9, 8, 9, 7, 7, 7, 7, 7, 7, 6, 6, 6, 6, 5, 6, 6, 6, 6, 7, 6, 6, 6, 5, 7, 5, 5, 2, 4, 2, 2, 2, 4, 2, 2, 2, 2, 2, 2, 2, 2, 2, 2, 2, 2, 2, 2, 2, 2, 2, 2, 2, 4, 4, 4, 2, 2, 2, 4, 2, 2, 2, 2, 2, 2, 2, 2, 2, 2, 2, 2, 2, 2, 2, 2, 2, 4, 4, 2, 2, 2, 2, 2, 2, 2, 2, 2, 2, 2, 2, 4, 2, 2, 4, 2, 2, 4, 4, 4, 4, 4, 4, 4, 4, 2, 4, 4, 4, 2, 2, 2, 2, 2, 2, 4, 4, 4, 4, 4, 4, 4, 4, 4, 2, 4, 2, 2, 4, 4, 4, 4, 4, 4, 4, 4, 2, 4, 2, 2, 2, 2, 2, 2, 2, 4, 4, 2, 2, 4, 4, 2, 4, 4, 4, 4, 2, 2, 4, 4, 4, 2, 2, 2, 4, 2, 2, 2, 2, 4, 2, 3, 3, 3, 4, 2, 2, 2, 2, 2, 2, 2, 2, 2, 2, 2, 2, 2, 2, 2, 2, 2, 2, 2, 4, 2, 2, 2, 2, 2, 2, 2, 2, 2, 2, 2, 2, 2, 2, 2, 2, 2, 2, 2, 0]
[33, 32, 33, 30, 26, 27, 19, 19, 19, 18, 17, 16, 15, 12, 12, 12, 10, 10, 8, 6, 6, 4, 4, 4, 4, 4, 4, 2, 2, 3, 4, 2, 2, 0]
[35, 33, 29, 28, 24, 24, 22, 19, 18, 17, 17, 15, 13, 12, 11, 13, 13, 11, 10, 10, 10, 9, 9, 8, 8, 8, 6, 7, 7, 6, 6, 6, 6, 6, 6, 6, 6, 6, 6, 4, 6, 6, 6, 6, 6, 6, 6, 6, 5, 6, 6, 5, 5, 4, 4, 4, 5, 5, 6, 6, 6, 5, 6, 5, 6, 5, 4, 4, 4, 4, 4, 2, 4, 4, 4, 2, 2, 2, 4, 2, 4, 2, 2, 4, 2, 2, 2, 2, 2, 2, 2, 4, 2, 2, 2, 0]
[39, 37, 34, 29, 29, 22, 21, 20, 18, 18, 16, 15, 12, 12, 12, 10, 11, 10, 10, 8, 8, 10, 10, 9, 8, 9, 9, 7, 7, 7, 7, 7, 7, 7, 7, 7, 5, 5, 5, 6, 4, 4, 4, 5, 4, 5, 4, 4, 4, 4, 6, 4, 2, 2, 2, 2, 4, 4, 2, 2, 2, 2, 4, 4, 2, 2, 4, 4, 4, 4, 4, 2, 2, 2, 2, 2, 2, 2, 2, 2, 2, 2, 2, 2, 2, 0]
[37, 35, 34, 28, 23, 23, 23, 23, 23, 23, 19, 17, 17, 18, 17, 12, 12, 12, 15, 10, 10, 10, 8, 8, 8, 6, 6, 6, 6, 6, 4, 4, 6, 4, 2, 2, 2, 2, 2, 2, 2, 4, 4, 2, 2, 3, 3, 2, 2, 2, 2, 3, 2, 2, 2, 2, 2, 0]
[39, 37, 33, 32, 31, 31, 27, 25, 23, 21, 21, 20, 19, 16, 12, 12, 12, 14, 12, 9, 10, 8, 9, 9, 8, 6, 6, 8, 7, 2, 2, 2, 2, 4, 4, 2, 2, 2, 2, 2, 2, 2, 2, 2, 2, 2, 4, 4, 4, 4, 4, 2, 2, 2, 2, 2, 2, 2, 2, 2, 0]
