976.946918964386
979.981531381607
981.3171372413635
227.7547037601471
201.74162912368774
961.0428256988525
205.8698024749756
967.9672310352325
838.9460799694061
867.3846836090088
964.4902245998383
553.0916602611542
966.0387659072876
190.2950143814087
967.9943845272064
517.0329599380493
326.7696170806885
974.1287746429443
259.94066643714905
986.6019749641418
972.30699467659
116.09114599227905
184.66591596603394
974.0915577411652
971.7182524204254
974.5744972229004
974.2398262023926
975.3555223941803
973.6915597915649
990.9560611248016
977.4380049705505
34.48500323295593
984.611184835434
982.9353013038635
416.95808935165405
243.84748458862305
717.6833057403564
71.98616409301758
198.2205662727356
983.3455941677094
981.0975577831268
75.09732389450073
678.7313497066498
373.5356068611145
980.5023889541626
194.35163402557373
139.49768161773682
104.8019790649414
36.34188485145569
104.0446412563324
978.0952553749084
984.6274321079254
989.1746571063995
172.47332644462585
984.7264070510864
981.195080280304
983.5731046199799
59.779717445373535
965.850457906723
981.8157584667206
986.0373177528381
984.3510849475861
968.7234084606171
229.05087208747864
84.58853197097778
412.4919354915619
531.6650125980377
983.1834616661072
43.18906378746033
981.7755150794983
627.4092054367065
979.1853723526001
836.5144701004028
996.9585652351379
990.6604526042938
988.1532893180847
384.6828908920288
1002.8306736946106
526.1289446353912
986.8355002403259
114.80265069007874
368.7945327758789
985.6367087364197
141.30040407180786
987.1828389167786
993.6712992191315
311.69242572784424
986.3534185886383
988.2713973522186
989.4568228721619
994.7036666870117
996.991414308548
991.2682189941406
986.128271818161
984.5618138313293
248.48677968978882
985.2909820079803
187.83907866477966
991.0693566799164
989.5397715568542
