[37, 35, 26, 29, 25, 25, 25, 24, 24, 18, 16, 16, 16, 16, 15, 10, 14, 12, 8, 8, 8, 8, 8, 6, 8, 8, 8, 6, 4, 2, 2, 2, 2, 4, 2, 2, 2, 2, 2, 2, 0]
[33, 34, 34, 29, 25, 23, 20, 16, 16, 16, 13, 13, 10, 8, 9, 9, 9, 8, 8, 7, 7, 8, 7, 4, 4, 2, 2, 2, 2, 2, 2, 0]
[35, 34, 31, 31, 28, 23, 17, 17, 17, 15, 15, 12, 10, 8, 8, 6, 7, 7, 6, 6, 4, 4, 2, 2, 2, 2, 2, 4, 2, 0]
[37, 36, 33, 30, 29, 26, 26, 20, 20, 18, 17, 18, 17, 17, 16, 14, 12, 10, 10, 10, 10, 10, 10, 8, 8, 2, 4, 4, 4, 2, 2, 2, 2, 2, 2, 4, 4, 2, 0]
[36, 33, 31, 28, 25, 26, 23, 22, 18, 16, 14, 15, 15, 14, 16, 14, 14, 13, 12, 12, 11, 11, 10, 10, 10, 8, 8, 8, 4, 4, 6, 4, 6, 4, 4, 4, 4, 4, 4, 4, 4, 4, 4, 4, 5, 4, 2, 4, 4, 4, 4, 4, 4, 4, 4, 4, 4, 4, 4, 2, 2, 2, 2, 2, 2, 2, 2, 2, 2, 2, 2, 2, 2, 2, 2, 0]
[34, 28, 28, 28, 20, 20, 11, 13, 13, 13, 10, 12, 13, 12, 12, 11, 11, 8, 8, 10, 9, 8, 6, 6, 7, 7, 8, 6, 6, 3, 6, 2, 2, 2, 2, 2, 0]
[40, 37, 32, 32, 31, 30, 29, 23, 21, 19, 19, 16, 17, 17, 15, 14, 12, 12, 12, 12, 6, 10, 9, 4, 4, 4, 4, 4, 4, 4, 4, 2, 2, 2, 2, 0]
[32, 32, 34, 28, 25, 20, 16, 16, 14, 10, 10, 6, 6, 4, 4, 6, 6, 7, 4, 4, 4, 4, 6, 2, 2, 0]
[36, 34, 34, 35, 32, 30, 28, 28, 24, 20, 19, 18, 18, 15, 18, 14, 12, 8, 8, 8, 8, 8, 8, 8, 8, 6, 6, 6, 4, 2, 2, 2, 2, 2, 2, 0]
[37, 36, 34, 26, 23, 26, 20, 21, 20, 15, 12, 14, 9, 9, 10, 8, 8, 7, 6, 6, 6, 6, 4, 2, 2, 2, 2, 0]
[33, 32, 27, 28, 28, 26, 26, 26, 20, 23, 23, 21, 19, 19, 16, 16, 12, 13, 13, 11, 10, 9, 10, 10, 8, 8, 6, 6, 6, 6, 2, 2, 4, 4, 4, 2, 2, 2, 2, 2, 2, 2, 2, 2, 2, 2, 2, 2, 0]
[36, 34, 32, 30, 28, 28, 24, 23, 20, 20, 18, 16, 15, 13, 10, 8, 10, 8, 8, 8, 8, 8, 6, 6, 6, 6, 4, 4, 6, 6, 4, 4, 4, 2, 6, 2, 4, 4, 4, 4, 4, 4, 4, 4, 2, 2, 0]
[37, 35, 33, 30, 27, 25, 25, 26, 25, 20, 20, 20, 20, 19, 15, 15, 13, 12, 12, 12, 13, 15, 15, 12, 12, 8, 8, 8, 4, 4, 4, 4, 4, 4, 4, 4, 2, 4, 4, 4, 4, 2, 4, 2, 2, 2, 2, 2, 2, 2, 0]
[38, 36, 29, 27, 26, 26, 23, 24, 21, 21, 21, 14, 14, 14, 12, 12, 13, 14, 14, 12, 10, 10, 11, 10, 8, 8, 8, 8, 8, 8, 8, 6, 6, 8, 6, 6, 8, 8, 8, 6, 6, 6, 6, 8, 4, 4, 4, 4, 2, 2, 2, 2, 2, 4, 2, 4, 2, 2, 2, 2, 2, 2, 2, 0]
[38, 34, 33, 25, 23, 23, 27, 27, 22, 22, 23, 21, 21, 20, 16, 16, 14, 14, 12, 14, 10, 14, 14, 6, 6, 8, 8, 8, 8, 8, 6, 6, 6, 6, 6, 6, 6, 6, 4, 4, 4, 4, 4, 6, 4, 4, 4, 6, 4, 4, 4, 4, 4, 4, 4, 4, 4, 6, 4, 4, 4, 4, 3, 4, 4, 4, 2, 4, 4, 2, 2, 0]
