[50.0, 46.0, 43.0, 40.0, 38.0, 37.0, 34.0, 32.0, 31.0, 29.0, 28.0, 26.0, 26.0, 25.0, 24.0, 23.0, 23.0, 23.0, 21.0, 20.0, 18.5, 18.0, 17.0, 17.0, 16.0, 16.0, 16.0, 15.0, 16.0, 16.0, 16.0, 14.0, 14.0, 13.0, 12.0, 13.0, 12.0, 11.5, 12.0, 12.0, 12.0]
[50.5, 46.0, 42.0, 40.0, 38.0, 36.0, 36.0, 32.0, 30.0, 28.0, 26.0, 24.0, 23.0, 21.0, 19.0, 19.0, 18.0, 18.0, 17.5, 17.0, 16.0, 16.0, 15.0, 15.0, 14.0, 14.0, 13.0, 12.0, 12.0, 12.5, 11.0, 10.0]
[51.0, 46.5, 43.0, 41.0, 37.0, 35.0, 33.0, 32.0, 30.0, 27.0, 26.0, 24.0, 23.0, 21.0, 19.0, 18.0, 18.0, 16.0, 15.0, 14.0, 14.5, 14.0, 14.0, 15.0, 15.0, 14.0, 14.0, 12.0, 11.0, 11.0]
[52.0, 46.5, 43.0, 41.0, 38.0, 36.0, 35.0, 34.0, 32.0, 31.0, 28.0, 26.0, 25.0, 24.0, 24.0, 23.0, 23.0, 22.0, 21.0, 20.0, 20.0, 19.0, 18.0, 18.0, 16.5, 15.0, 15.0, 15.0, 14.0, 14.0, 13.0, 12.0, 12.0, 12.0, 13.0, 12.0, 12.0, 12.0, 11.0]
[51.0, 46.0, 43.0, 40.0, 38.0, 36.0, 34.0, 32.0, 30.5, 28.0, 27.0, 25.0, 25.0, 24.0, 24.0, 22.0, 21.0, 22.0, 21.0, 21.0, 20.0, 20.0, 19.0, 19.0, 18.0, 17.0, 17.0, 18.0, 17.0, 17.0, 16.5, 16.0, 13.0, 14.0, 14.0, 14.0, 14.0, 12.0, 12.0, 13.0, 12.0, 12.0, 12.0, 12.0, 12.0, 12.0, 11.0, 12.0, 12.0, 13.0, 12.0, 12.0, 12.0, 12.5, 12.0, 11.0, 11.0, 10.5, 12.0, 12.0, 12.0, 12.0, 12.0, 10.0, 10.0, 12.0, 12.0, 11.0, 10.0, 10.0, 10.0, 10.0, 11.0, 11.0, 10.0, 10.0]
[51.0, 46.0, 43.0, 39.0, 36.0, 34.0, 32.0, 29.0, 28.0, 25.0, 23.0, 21.0, 20.0, 20.0, 20.0, 19.0, 18.0, 18.0, 18.0, 18.0, 18.0, 17.0, 17.0, 15.0, 15.0, 16.0, 16.0, 15.0, 15.0, 16.0, 15.0, 14.0, 14.0, 13.0, 12.0, 12.0, 12.0]
[51.0, 47.0, 45.0, 42.0, 40.0, 38.0, 37.0, 34.0, 32.5, 32.0, 29.5, 29.0, 27.0, 26.0, 24.0, 23.0, 22.0, 22.0, 22.0, 21.0, 19.0, 17.0, 17.0, 17.0, 16.0, 17.0, 16.0, 16.0, 16.0, 16.0, 15.0, 14.0, 14.0, 12.0, 10.0, 10.0]
[51.5, 47.0, 43.0, 40.0, 37.0, 35.5, 34.0, 31.0, 28.0, 26.0, 23.0, 22.0, 20.0, 18.0, 18.0, 16.5, 15.0, 14.0, 14.0, 15.0, 15.0, 15.0, 14.0, 14.0, 14.0, 14.0]
[53.0, 48.0, 45.0, 43.0, 41.0, 39.0, 38.0, 37.0, 34.0, 32.5, 31.0, 28.0, 28.0, 27.0, 26.0, 25.0, 24.0, 22.0, 20.0, 20.0, 18.0, 17.0, 16.0, 16.0, 16.0, 16.0, 15.0, 14.0, 14.5, 14.0, 14.0, 12.5, 12.0, 10.0, 10.0, 12.0]
[52.0, 46.0, 43.0, 41.0, 37.0, 34.5, 33.0, 31.0, 29.0, 27.0, 26.0, 24.5, 23.0, 22.0, 20.0, 19.0, 17.0, 17.0, 16.0, 16.0, 16.0, 14.0, 14.0, 14.0, 14.0, 13.0, 13.0, 12.0]
[51.0, 45.5, 43.0, 40.0, 39.0, 37.0, 35.0, 34.0, 32.0, 32.0, 31.0, 30.0, 29.0, 28.0, 27.0, 25.0, 24.0, 23.0, 21.0, 21.0, 20.0, 19.0, 18.0, 19.0, 19.0, 17.0, 17.0, 16.0, 15.0, 15.0, 14.0, 14.0, 14.0, 13.0, 13.0, 12.0, 11.5, 11.0, 10.0, 10.0, 10.0, 9.0, 10.0, 10.0, 10.0, 9.0, 10.0, 9.5, 10.0]
[51.0, 47.0, 44.0, 41.0, 38.0, 36.0, 34.0, 32.0, 32.0, 30.0, 27.0, 26.0, 25.0, 25.0, 23.0, 22.0, 21.0, 21.0, 19.0, 20.0, 18.0, 17.0, 17.0, 17.0, 16.0, 16.0, 16.0, 14.0, 14.0, 14.0, 12.0, 14.0, 14.0, 13.5, 12.0, 12.0, 13.0, 14.0, 14.0, 13.5, 14.0, 14.0, 14.0, 14.0, 12.0, 12.0, 11.0]
[53.0, 47.5, 43.0, 41.0, 39.0, 37.0, 35.0, 33.0, 32.0, 31.0, 30.0, 29.0, 29.0, 28.0, 28.0, 26.0, 25.0, 24.5, 24.0, 23.0, 22.0, 21.0, 22.0, 21.0, 21.0, 21.0, 19.0, 19.0, 18.0, 18.0, 17.0, 15.5, 15.0, 14.0, 12.0, 11.5, 12.0, 12.0, 12.0, 12.0, 12.0, 13.0, 12.0, 11.0, 11.0, 11.0, 12.0, 10.0, 10.0, 12.0, 12.0]
[51.0, 47.0, 44.0, 41.0, 39.0, 36.0, 33.5, 32.0, 31.0, 30.0, 28.0, 27.0, 27.0, 26.0, 25.0, 24.0, 23.0, 21.0, 21.0, 20.0, 19.0, 19.0, 18.5, 18.0, 18.0, 18.0, 18.0, 17.0, 16.0, 16.0, 15.0, 15.5, 16.0, 16.0, 16.0, 15.0, 15.0, 15.5, 16.0, 14.0, 14.5, 14.0, 14.0, 14.0, 14.0, 14.0, 13.0, 13.0, 12.0, 12.0, 12.0, 11.0, 12.0, 12.0, 12.0, 12.0, 12.0, 12.0, 12.0, 11.0, 12.0, 12.0, 10.0, 10.0]
[51.0, 48.0, 44.0, 40.0, 38.0, 37.0, 35.0, 34.0, 33.0, 31.5, 30.0, 29.0, 28.5, 28.0, 27.0, 26.0, 25.0, 24.0, 24.0, 23.0, 22.0, 21.0, 21.0, 20.0, 19.0, 18.0, 17.0, 17.0, 16.0, 16.0, 15.0, 15.0, 14.5, 14.0, 14.0, 14.0, 14.0, 14.0, 14.0, 14.0, 14.0, 13.0, 12.0, 13.0, 12.0, 12.0, 12.0, 12.5, 14.0, 14.0, 14.0, 14.0, 13.0, 12.0, 13.0, 14.0, 13.0, 12.0, 12.0, 14.0, 14.0, 12.0, 12.0, 12.0, 12.0, 12.0, 12.0, 12.5, 12.0, 12.0, 12.0, 12.0]
