[37, 32, 32, 30, 27, 27, 25, 23, 23, 20, 20, 20, 17, 17, 14, 14, 14, 14, 13, 12, 12, 10, 12, 8, 11, 8, 8, 8, 8, 8, 8, 8, 6, 8, 8, 8, 8, 2, 8, 8, 2, 2, 2, 4, 2, 2, 2, 2, 0]
[36, 31, 32, 29, 25, 23, 23, 23, 18, 18, 18, 17, 12, 14, 12, 6, 6, 8, 9, 6, 6, 6, 6, 6, 6, 6, 7, 7, 6, 8, 6, 4, 3, 4, 6, 6, 6, 6, 6, 4, 2, 2, 2, 2, 2, 2, 2, 4, 4, 4, 4, 4, 2, 2, 0]
[37, 35, 34, 31, 25, 24, 23, 19, 14, 14, 14, 14, 14, 13, 14, 10, 8, 8, 6, 8, 6, 6, 6, 6, 8, 6, 8, 8, 6, 6, 6, 4, 2, 2, 2, 2, 2, 0]
[36, 31, 31, 28, 23, 24, 23, 21, 14, 12, 10, 11, 10, 10, 10, 8, 10, 9, 8, 7, 7, 8, 7, 6, 2, 2, 2, 2, 4, 0]
[38, 30, 31, 30, 29, 26, 21, 21, 19, 19, 16, 13, 14, 12, 10, 11, 11, 11, 11, 6, 6, 6, 6, 4, 4, 4, 4, 4, 4, 4, 4, 4, 4, 2, 4, 2, 2, 2, 2, 2, 2, 2, 2, 0]
[40, 32, 29, 29, 23, 21, 19, 19, 16, 16, 16, 14, 8, 10, 10, 10, 10, 8, 6, 6, 6, 4, 4, 4, 4, 2, 4, 4, 2, 2, 0]
[36, 30, 26, 26, 25, 25, 22, 21, 22, 19, 19, 12, 10, 11, 10, 9, 8, 9, 10, 10, 6, 8, 6, 6, 8, 4, 6, 6, 6, 4, 4, 6, 5, 4, 4, 4, 4, 4, 4, 2, 4, 4, 4, 4, 2, 2, 3, 2, 2, 0]
[40, 33, 31, 30, 25, 21, 21, 19, 18, 17, 15, 13, 9, 10, 8, 4, 4, 4, 4, 4, 2, 2, 2, 2, 4, 2, 2, 0]
[37, 33, 30, 29, 27, 19, 16, 16, 15, 15, 12, 12, 9, 11, 11, 8, 8, 6, 8, 8, 6, 6, 6, 6, 4, 4, 4, 4, 2, 2, 4, 2, 4, 2, 0]
[33, 30, 28, 23, 23, 23, 19, 19, 18, 18, 15, 17, 10, 10, 9, 8, 6, 6, 6, 8, 8, 8, 6, 6, 6, 6, 6, 6, 6, 4, 6, 6, 6, 4, 4, 2, 2, 2, 2, 2, 2, 2, 0]
[36, 35, 30, 24, 23, 19, 19, 17, 17, 17, 17, 15, 13, 12, 11, 11, 10, 10, 11, 10, 10, 7, 7, 7, 7, 7, 7, 7, 9, 6, 4, 6, 6, 6, 4, 2, 4, 2, 2, 4, 4, 4, 4, 4, 4, 4, 2, 4, 6, 2, 2, 0]
[39, 30, 31, 28, 29, 26, 26, 15, 17, 17, 16, 15, 16, 11, 11, 10, 10, 0]
[33, 31, 29, 28, 29, 25, 22, 18, 18, 20, 17, 17, 15, 14, 14, 14, 12, 10, 9, 10, 10, 9, 9, 6, 8, 8, 6, 6, 6, 5, 8, 8, 6, 4, 4, 4, 4, 2, 4, 0]
[38, 30, 30, 25, 25, 18, 20, 21, 18, 16, 16, 14, 14, 15, 14, 13, 13, 10, 10, 12, 10, 10, 10, 11, 10, 9, 8, 8, 6, 8, 6, 6, 6, 6, 6, 6, 6, 4, 4, 4, 2, 4, 4, 4, 4, 2, 0]
[37, 35, 33, 28, 21, 20, 21, 20, 18, 18, 16, 15, 13, 14, 14, 14, 14, 11, 9, 5, 4, 4, 5, 4, 5, 6, 5, 3, 3, 3, 3, 2, 2, 2, 0]
