[50.56666666666667, 46.2, 42.513333333333335, 40.28, 38.14666666666667, 36.58, 34.02, 32.08, 30.56, 29.153333333333332, 27.74, 25.873333333333335, 26.30666666666667, 25.506666666666668, 24.253333333333334, 23.613333333333333, 23.30666666666667, 22.533333333333335, 21.56, 20.053333333333335, 18.906666666666666, 18.226666666666667, 17.24, 17.133333333333333, 16.453333333333333, 16.106666666666666, 16.213333333333335, 16.1, 16.213333333333335, 15.74, 15.366666666666667, 14.36, 13.86, 12.886666666666667, 12.26, 13.286666666666667, 12.486666666666666, 11.566666666666666, 11.626666666666667, 11.653333333333334, 11.673333333333334]
[50.68, 45.666666666666664, 42.473333333333336, 40.086666666666666, 37.84, 36.193333333333335, 35.0, 32.193333333333335, 29.64666666666667, 27.846666666666668, 25.826666666666668, 24.633333333333333, 22.873333333333335, 21.206666666666667, 19.773333333333333, 19.24, 18.5, 18.393333333333334, 18.026666666666667, 17.033333333333335, 16.46, 16.686666666666667, 15.486666666666666, 15.42, 14.093333333333334, 13.893333333333333, 12.966666666666667, 12.72, 12.433333333333334, 12.253333333333334, 10.993333333333334, 10.86]
[51.22, 46.17333333333333, 42.70666666666666, 40.67333333333333, 37.64666666666667, 34.946666666666665, 33.16, 31.52, 29.6, 27.493333333333332, 25.746666666666666, 24.52, 22.553333333333335, 20.84, 18.826666666666668, 17.766666666666666, 17.56, 16.333333333333332, 15.46, 15.1, 14.706666666666667, 14.413333333333334, 14.76, 14.566666666666666, 14.553333333333333, 13.966666666666667, 13.326666666666666, 12.206666666666667, 11.353333333333333, 11.14]
[51.57333333333333, 46.586666666666666, 43.306666666666665, 40.98, 38.32, 36.46666666666667, 34.96, 33.36666666666667, 31.606666666666666, 30.346666666666668, 27.933333333333334, 26.42, 24.953333333333333, 24.513333333333332, 23.84, 23.873333333333335, 23.173333333333332, 22.233333333333334, 21.213333333333335, 20.34, 20.013333333333332, 19.526666666666667, 18.9, 17.88, 17.053333333333335, 15.373333333333333, 15.066666666666666, 14.853333333333333, 14.266666666666667, 13.64, 12.82, 13.2, 12.506666666666666, 12.273333333333333, 12.866666666666667, 12.493333333333334, 12.166666666666666, 11.933333333333334, 11.166666666666666]
[50.96666666666667, 46.14, 42.45333333333333, 39.81333333333333, 37.806666666666665, 35.92, 33.78666666666667, 31.9, 30.16, 28.14, 26.866666666666667, 25.48, 25.153333333333332, 24.386666666666667, 23.96, 22.553333333333335, 22.126666666666665, 22.22, 21.32, 21.293333333333333, 20.30666666666667, 19.606666666666666, 19.446666666666665, 19.073333333333334, 18.486666666666668, 18.1, 17.573333333333334, 18.133333333333333, 17.446666666666665, 16.96, 16.706666666666667, 15.673333333333334, 14.04, 13.96, 14.56, 14.133333333333333, 14.006666666666666, 13.186666666666667, 12.946666666666667, 12.806666666666667, 12.72, 12.766666666666667, 12.18, 12.12, 12.033333333333333, 11.98, 12.02, 12.56, 12.986666666666666, 13.213333333333333, 12.92, 12.606666666666667, 12.62, 12.933333333333334, 12.353333333333333, 11.573333333333334, 11.506666666666666, 11.226666666666667, 12.526666666666667, 12.8, 12.1, 11.9, 11.853333333333333, 11.553333333333333, 11.16, 11.906666666666666, 11.68, 11.453333333333333, 10.693333333333333, 10.44, 10.446666666666667, 10.04, 11.146666666666667, 11.353333333333333, 10.126666666666667, 10.22]
[50.68666666666667, 45.95333333333333, 42.62, 38.92, 35.486666666666665, 33.333333333333336, 31.506666666666668, 28.80666666666667, 27.313333333333333, 25.113333333333333, 22.86, 21.35333333333333, 20.64666666666667, 20.36, 20.053333333333335, 19.62, 18.886666666666667, 18.593333333333334, 18.106666666666666, 17.82, 17.546666666666667, 17.293333333333333, 17.30666666666667, 15.64, 15.526666666666667, 15.88, 15.846666666666666, 15.76, 15.853333333333333, 15.613333333333333, 15.546666666666667, 14.506666666666666, 13.846666666666666, 13.04, 12.306666666666667, 12.06, 12.26]
[51.50666666666667, 47.60666666666667, 44.42666666666667, 41.973333333333336, 39.79333333333334, 38.42666666666667, 36.54, 34.16, 32.85333333333333, 31.513333333333332, 30.02, 28.673333333333332, 27.206666666666667, 26.08, 24.273333333333333, 23.08, 22.833333333333332, 22.56, 22.3, 21.313333333333333, 19.30666666666667, 18.273333333333333, 17.233333333333334, 17.326666666666668, 17.19333333333333, 17.08, 16.19333333333333, 16.126666666666665, 15.66, 15.533333333333333, 15.033333333333333, 14.253333333333334, 13.933333333333334, 12.42, 10.44, 9.86]
[51.53333333333333, 46.28, 42.81333333333333, 40.02, 37.38666666666666, 35.52, 33.21333333333333, 30.633333333333333, 28.573333333333334, 25.933333333333334, 22.9, 21.286666666666665, 19.64666666666667, 18.373333333333335, 17.82, 16.446666666666665, 15.346666666666666, 14.853333333333333, 14.813333333333333, 14.766666666666667, 14.833333333333334, 14.806666666666667, 15.033333333333333, 14.053333333333333, 13.74, 13.833333333333334]
[52.42666666666667, 48.07333333333333, 44.71333333333333, 42.76, 41.013333333333335, 39.18666666666667, 38.20666666666666, 36.70666666666666, 34.39333333333333, 32.29333333333334, 30.786666666666665, 28.453333333333333, 27.76, 27.006666666666668, 25.84, 25.12, 23.82, 21.966666666666665, 20.653333333333332, 19.493333333333332, 18.593333333333334, 16.866666666666667, 16.72, 16.46, 16.06, 15.633333333333333, 15.36, 15.206666666666667, 14.726666666666667, 14.52, 13.26, 13.046666666666667, 12.246666666666666, 11.18, 11.16, 11.946666666666667]
[51.666666666666664, 46.76, 43.02, 40.306666666666665, 37.54, 34.68, 32.94, 30.98, 29.246666666666666, 27.3, 25.893333333333334, 24.506666666666668, 22.826666666666668, 21.14666666666667, 20.486666666666668, 18.873333333333335, 17.85333333333333, 16.506666666666668, 16.406666666666666, 16.006666666666668, 15.886666666666667, 14.893333333333333, 14.306666666666667, 14.233333333333333, 13.913333333333334, 13.253333333333334, 12.62, 12.813333333333333]
[50.81333333333333, 46.093333333333334, 42.72666666666667, 40.553333333333335, 39.06, 37.04666666666667, 35.46, 34.306666666666665, 32.846666666666664, 31.86, 31.36, 30.166666666666668, 29.293333333333333, 27.586666666666666, 26.886666666666667, 25.46, 23.96, 22.78, 21.96, 21.35333333333333, 19.98, 19.02, 18.246666666666666, 19.06, 18.833333333333332, 18.0, 16.82, 16.593333333333334, 15.713333333333333, 14.873333333333333, 14.513333333333334, 14.26, 14.48, 13.48, 13.053333333333333, 11.9, 11.713333333333333, 11.373333333333333, 10.74, 10.4, 10.366666666666667, 9.733333333333333, 9.7, 10.066666666666666, 9.886666666666667, 9.413333333333334, 9.92, 10.073333333333334, 10.1]
[51.31333333333333, 46.553333333333335, 43.14, 40.58, 38.06666666666667, 36.306666666666665, 34.553333333333335, 32.986666666666665, 31.813333333333333, 29.86, 27.56, 27.02, 25.473333333333333, 24.886666666666667, 22.873333333333335, 22.233333333333334, 21.553333333333335, 20.666666666666668, 19.873333333333335, 19.533333333333335, 18.513333333333332, 17.486666666666668, 17.246666666666666, 17.293333333333333, 16.473333333333333, 16.213333333333335, 15.08, 14.68, 14.586666666666666, 13.886666666666667, 13.32, 13.913333333333334, 13.953333333333333, 13.873333333333333, 13.546666666666667, 12.926666666666666, 13.513333333333334, 13.9, 13.88, 14.12, 14.213333333333333, 14.213333333333333, 14.646666666666667, 13.82, 13.073333333333334, 11.993333333333334, 11.413333333333334]
[52.04, 47.086666666666666, 43.14666666666667, 40.88, 38.986666666666665, 37.07333333333333, 35.053333333333335, 33.42666666666667, 32.13333333333333, 30.92, 30.073333333333334, 29.726666666666667, 28.706666666666667, 27.733333333333334, 27.5, 26.64666666666667, 25.14666666666667, 24.726666666666667, 23.653333333333332, 23.1, 22.206666666666667, 21.766666666666666, 21.486666666666668, 21.106666666666666, 20.826666666666668, 20.766666666666666, 19.173333333333332, 19.18, 18.446666666666665, 18.153333333333332, 17.053333333333335, 15.493333333333334, 15.36, 13.766666666666667, 12.586666666666666, 11.493333333333334, 11.56, 12.013333333333334, 12.5, 12.853333333333333, 12.606666666666667, 12.92, 12.526666666666667, 11.893333333333333, 11.74, 11.58, 11.32, 11.2, 11.566666666666666, 11.66, 11.946666666666667]
[51.126666666666665, 47.22666666666667, 43.89333333333333, 40.78, 38.6, 36.026666666666664, 33.846666666666664, 31.946666666666665, 30.546666666666667, 29.586666666666666, 28.613333333333333, 27.413333333333334, 26.78, 25.96, 24.866666666666667, 23.54, 23.073333333333334, 22.046666666666667, 21.56, 20.613333333333333, 19.586666666666666, 19.133333333333333, 18.66, 18.546666666666667, 18.30666666666667, 18.4, 18.466666666666665, 17.333333333333332, 16.906666666666666, 16.186666666666667, 15.48, 15.666666666666666, 15.653333333333334, 16.186666666666667, 15.926666666666666, 15.513333333333334, 15.426666666666666, 15.566666666666666, 15.606666666666667, 14.74, 15.16, 14.773333333333333, 14.606666666666667, 14.986666666666666, 14.64, 14.62, 13.673333333333334, 13.313333333333333, 12.213333333333333, 12.24, 11.613333333333333, 11.733333333333333, 11.753333333333334, 12.033333333333333, 11.926666666666666, 12.34, 12.453333333333333, 11.933333333333334, 11.66, 11.513333333333334, 11.193333333333333, 11.66, 10.673333333333334, 10.353333333333333]
[51.14666666666667, 46.986666666666665, 43.75333333333333, 40.14, 38.266666666666666, 36.82666666666667, 35.32666666666667, 34.25333333333333, 33.193333333333335, 31.593333333333334, 30.36, 29.313333333333333, 28.913333333333334, 27.666666666666668, 26.386666666666667, 25.7, 25.006666666666668, 24.12, 23.64666666666667, 23.24, 22.36, 21.706666666666667, 21.106666666666666, 20.233333333333334, 19.246666666666666, 18.18, 17.08, 16.913333333333334, 16.413333333333334, 15.933333333333334, 15.433333333333334, 14.973333333333333, 15.12, 14.506666666666666, 14.473333333333333, 14.373333333333333, 14.573333333333334, 14.113333333333333, 14.313333333333333, 14.393333333333333, 14.006666666666666, 13.28, 12.706666666666667, 13.126666666666667, 13.153333333333334, 13.286666666666667, 12.78, 13.1, 14.12, 13.58, 13.54, 13.553333333333333, 13.293333333333333, 12.833333333333334, 13.093333333333334, 13.58, 13.42, 12.4, 13.146666666666667, 13.66, 13.246666666666666, 12.62, 11.88, 11.946666666666667, 11.686666666666667, 11.873333333333333, 12.286666666666667, 12.633333333333333, 12.84, 12.1, 12.286666666666667, 11.52]
