[37, 35, 26, 26, 24, 20, 18, 15, 15, 14, 10, 10, 10, 10, 8, 8, 8, 6, 8, 6, 4, 4, 4, 4, 2, 4, 2, 2, 2, 2, 0]
[37, 36, 34, 29, 26, 26, 28, 23, 23, 19, 19, 13, 12, 4, 8, 8, 8, 7, 6, 6, 2, 2, 2, 4, 2, 2, 2, 4, 4, 4, 2, 2, 4, 2, 0]
[35, 31, 31, 29, 24, 25, 22, 19, 19, 13, 16, 14, 11, 11, 7, 9, 7, 7, 7, 7, 8, 8, 6, 6, 4, 4, 4, 6, 7, 6, 4, 4, 6, 4, 0]
[40, 30, 34, 33, 31, 24, 21, 21, 17, 15, 16, 15, 12, 8, 10, 8, 8, 8, 8, 6, 4, 4, 2, 2, 2, 2, 0]
[40, 36, 33, 33, 28, 23, 26, 23, 23, 21, 20, 20, 20, 18, 20, 16, 13, 9, 9, 9, 9, 8, 8, 8, 8, 8, 8, 6, 4, 4, 4, 2, 4, 4, 4, 2, 0]
[35, 34, 31, 30, 22, 22, 21, 19, 20, 20, 17, 17, 13, 13, 13, 11, 12, 10, 10, 10, 10, 8, 8, 8, 8, 8, 8, 8, 8, 6, 6, 6, 8, 8, 8, 6, 6, 7, 6, 6, 6, 5, 5, 2, 2, 2, 2, 2, 2, 0]
[34, 32, 31, 31, 22, 22, 20, 19, 17, 16, 16, 14, 12, 10, 10, 8, 6, 10, 4, 4, 4, 6, 4, 4, 4, 2, 2, 4, 4, 2, 4, 4, 4, 2, 4, 4, 4, 4, 0]
[35, 35, 32, 32, 25, 25, 24, 23, 23, 21, 20, 14, 10, 10, 12, 12, 10, 8, 8, 8, 8, 8, 8, 6, 6, 6, 6, 6, 4, 4, 4, 4, 4, 4, 4, 4, 2, 4, 4, 2, 2, 4, 2, 2, 0]
[36, 31, 31, 31, 29, 27, 26, 24, 21, 19, 16, 14, 15, 13, 13, 11, 6, 7, 8, 4, 4, 4, 4, 4, 4, 5, 4, 5, 2, 2, 2, 2, 4, 4, 4, 2, 4, 2, 4, 2, 2, 0]
[36, 35, 33, 31, 29, 26, 25, 20, 15, 14, 12, 6, 6, 6, 4, 4, 4, 2, 4, 4, 4, 4, 4, 4, 4, 4, 2, 4, 2, 4, 4, 4, 4, 4, 2, 2, 2, 2, 0]
[31, 32, 31, 31, 28, 23, 22, 18, 18, 18, 14, 14, 13, 11, 13, 8, 8, 8, 6, 6, 6, 6, 6, 4, 4, 6, 6, 6, 4, 5, 2, 2, 4, 4, 4, 4, 4, 2, 2, 4, 2, 2, 2, 4, 2, 2, 2, 2, 0]
[33, 34, 32, 32, 29, 22, 21, 19, 18, 13, 13, 13, 9, 9, 7, 8, 7, 7, 7, 4, 6, 6, 4, 4, 4, 4, 4, 4, 2, 2, 2, 0]
[35, 35, 34, 31, 28, 24, 24, 24, 23, 20, 21, 20, 19, 15, 15, 15, 13, 9, 9, 11, 11, 11, 8, 7, 7, 9, 8, 6, 2, 4, 2, 4, 4, 4, 0]
[35, 35, 33, 32, 31, 28, 22, 14, 14, 14, 14, 14, 14, 12, 8, 8, 10, 8, 6, 2, 4, 4, 4, 4, 4, 4, 2, 0]
[33, 33, 31, 29, 12, 12, 12, 8, 8, 8, 8, 8, 6, 2, 6, 2, 2, 2, 4, 2, 4, 2, 2, 2, 2, 2, 4, 0]
