[50.56666666666667, 46.2, 43.166666666666664, 40.266666666666666, 38.25333333333333, 34.946666666666665, 32.026666666666664, 29.886666666666667, 28.35333333333333, 25.64, 23.573333333333334, 22.2, 21.186666666666667, 20.14, 18.76, 18.326666666666668, 18.0, 17.746666666666666, 17.14, 16.246666666666666, 16.46, 14.593333333333334, 13.846666666666666, 13.673333333333334, 12.526666666666667, 12.766666666666667, 12.866666666666667, 12.746666666666666, 12.346666666666666, 11.993333333333334, 12.073333333333334]
[51.38, 47.68, 44.593333333333334, 41.16, 38.986666666666665, 36.78, 35.44, 33.17333333333333, 31.613333333333333, 30.013333333333332, 28.5, 26.686666666666667, 25.56, 24.153333333333332, 23.186666666666667, 21.486666666666668, 20.513333333333332, 18.966666666666665, 17.773333333333333, 15.54, 14.146666666666667, 13.34, 12.54, 12.366666666666667, 12.026666666666667, 11.673333333333334, 12.206666666666667, 12.66, 13.473333333333333, 13.3, 12.76, 12.533333333333333, 11.9, 12.146666666666667, 13.253333333333334]
[51.5, 46.526666666666664, 42.666666666666664, 40.00666666666667, 37.72, 35.86, 34.86666666666667, 32.78666666666667, 30.69333333333333, 27.96, 26.173333333333332, 25.266666666666666, 23.69333333333333, 23.966666666666665, 22.253333333333334, 21.246666666666666, 19.466666666666665, 19.26, 18.173333333333332, 16.933333333333334, 16.653333333333332, 16.706666666666667, 16.406666666666666, 15.853333333333333, 15.7, 15.34, 15.346666666666666, 15.293333333333333, 15.08, 15.3, 15.06, 14.98, 14.78, 14.513333333333334, 14.053333333333333]
[52.3, 47.553333333333335, 44.8, 42.34, 40.10666666666667, 37.733333333333334, 36.07333333333333, 33.946666666666665, 31.473333333333333, 28.213333333333335, 26.433333333333334, 25.02, 23.8, 23.266666666666666, 21.313333333333333, 21.0, 19.906666666666666, 19.38, 18.313333333333333, 16.586666666666666, 16.173333333333332, 15.646666666666667, 15.46, 14.226666666666667, 12.493333333333334, 12.38, 12.0]
[52.06, 48.17333333333333, 45.10666666666667, 42.906666666666666, 40.586666666666666, 38.14666666666667, 36.093333333333334, 35.06666666666667, 33.63333333333333, 32.67333333333333, 31.38, 29.826666666666668, 28.913333333333334, 27.80666666666667, 27.026666666666667, 25.406666666666666, 24.653333333333332, 24.28, 23.42, 21.44, 20.466666666666665, 18.713333333333335, 17.953333333333333, 17.673333333333332, 17.013333333333332, 17.44, 16.9, 16.606666666666666, 15.82, 14.833333333333334, 14.08, 14.2, 14.206666666666667, 13.94, 13.173333333333334, 13.173333333333334, 12.406666666666666]
[50.98, 46.46, 42.54, 39.72, 37.486666666666665, 35.32, 33.46666666666667, 31.793333333333333, 29.64666666666667, 28.493333333333332, 26.793333333333333, 25.766666666666666, 24.68, 23.846666666666668, 23.126666666666665, 21.68, 20.486666666666668, 20.493333333333332, 19.34, 19.58, 18.14666666666667, 18.073333333333334, 17.18, 16.466666666666665, 17.526666666666667, 16.773333333333333, 16.086666666666666, 16.0, 15.866666666666667, 15.9, 16.273333333333333, 15.846666666666666, 15.58, 15.373333333333333, 16.153333333333332, 15.9, 15.753333333333334, 15.946666666666667, 15.953333333333333, 15.733333333333333, 15.266666666666667, 14.806666666666667, 14.446666666666667, 14.4, 14.18, 13.813333333333333, 13.233333333333333, 13.193333333333333, 12.753333333333334, 12.473333333333333]
[51.333333333333336, 46.98, 43.34, 40.31333333333333, 38.153333333333336, 35.346666666666664, 33.24666666666667, 31.006666666666668, 28.566666666666666, 26.046666666666667, 24.54, 23.22, 22.653333333333332, 21.226666666666667, 20.886666666666667, 20.26, 19.0, 18.346666666666668, 17.253333333333334, 16.833333333333332, 15.553333333333333, 15.1, 15.226666666666667, 14.033333333333333, 13.673333333333334, 12.706666666666667, 12.673333333333334, 13.526666666666667, 13.713333333333333, 13.3, 13.54, 13.073333333333334, 13.533333333333333, 13.313333333333333, 13.053333333333333, 12.966666666666667, 13.453333333333333, 13.96, 13.353333333333333]
[50.75333333333333, 46.806666666666665, 43.593333333333334, 41.693333333333335, 39.89333333333333, 37.473333333333336, 35.42, 34.43333333333333, 32.693333333333335, 30.913333333333334, 29.58, 28.68, 27.18, 24.94, 23.513333333333332, 21.573333333333334, 20.606666666666666, 19.42, 18.22, 17.553333333333335, 16.913333333333334, 16.62, 15.333333333333334, 14.98, 14.793333333333333, 14.653333333333334, 14.166666666666666, 14.22, 14.333333333333334, 14.333333333333334, 13.606666666666667, 12.953333333333333, 12.606666666666667, 13.22, 13.826666666666666, 12.786666666666667, 12.12, 12.686666666666667, 13.366666666666667, 12.58, 12.626666666666667, 11.94, 12.253333333333334, 12.253333333333334, 11.433333333333334]
[51.733333333333334, 47.00666666666667, 44.22, 41.56666666666667, 39.166666666666664, 37.166666666666664, 34.43333333333333, 32.86, 31.253333333333334, 29.113333333333333, 27.906666666666666, 26.566666666666666, 25.033333333333335, 23.033333333333335, 22.80666666666667, 21.54, 20.526666666666667, 19.326666666666668, 17.58, 17.113333333333333, 15.973333333333333, 15.353333333333333, 14.786666666666667, 14.26, 13.926666666666666, 13.886666666666667, 13.04, 12.826666666666666, 13.14, 12.446666666666667, 11.62, 11.36, 12.093333333333334, 12.266666666666667, 11.633333333333333, 11.506666666666666, 10.82, 10.8, 11.6, 11.706666666666667, 11.66, 11.833333333333334]
[51.22, 46.693333333333335, 43.126666666666665, 40.28, 38.11333333333334, 35.88, 34.72, 33.26, 31.08, 29.106666666666666, 26.64666666666667, 25.086666666666666, 22.513333333333332, 20.86, 18.486666666666668, 17.153333333333332, 16.153333333333332, 15.173333333333334, 14.293333333333333, 14.1, 13.24, 13.353333333333333, 13.886666666666667, 13.746666666666666, 13.566666666666666, 13.08, 13.193333333333333, 12.806666666666667, 12.906666666666666, 12.586666666666666, 12.273333333333333, 12.6, 13.026666666666667, 12.98, 13.066666666666666, 12.506666666666666, 11.366666666666667, 11.953333333333333, 11.833333333333334]
[51.42666666666667, 46.733333333333334, 42.54, 39.38, 36.96666666666667, 35.27333333333333, 33.446666666666665, 31.733333333333334, 29.653333333333332, 28.453333333333333, 26.773333333333333, 25.766666666666666, 24.606666666666666, 23.246666666666666, 22.006666666666668, 21.54, 19.96, 19.126666666666665, 17.753333333333334, 17.506666666666668, 16.453333333333333, 15.833333333333334, 14.733333333333333, 13.98, 13.88, 14.013333333333334, 13.4, 13.6, 13.146666666666667, 11.893333333333333, 13.053333333333333, 12.713333333333333, 13.053333333333333, 12.78, 13.2, 13.06, 12.986666666666666, 12.44, 12.34, 11.98, 12.46, 12.14, 12.246666666666666, 12.193333333333333, 12.326666666666666, 12.393333333333333, 12.62, 11.806666666666667, 12.12]
[51.28, 46.86666666666667, 43.92666666666667, 41.39333333333333, 39.193333333333335, 36.526666666666664, 34.913333333333334, 32.85333333333333, 31.426666666666666, 29.546666666666667, 26.69333333333333, 24.686666666666667, 22.953333333333333, 21.966666666666665, 20.44, 18.866666666666667, 17.46, 16.08, 15.933333333333334, 16.38, 15.873333333333333, 15.886666666666667, 15.506666666666666, 15.12, 15.2, 14.286666666666667, 14.22, 12.873333333333333, 12.993333333333334, 12.22, 12.36, 12.2]
[51.42666666666667, 47.58, 44.38, 41.46, 38.946666666666665, 36.013333333333335, 33.833333333333336, 32.053333333333335, 30.68, 29.426666666666666, 28.44, 27.406666666666666, 26.8, 26.18, 24.86, 23.793333333333333, 23.133333333333333, 22.9, 22.30666666666667, 21.666666666666668, 21.066666666666666, 20.1, 18.913333333333334, 17.706666666666667, 17.326666666666668, 16.78, 17.106666666666666, 16.273333333333333, 15.84, 15.26, 13.913333333333334, 13.506666666666666, 13.646666666666667, 13.22, 12.706666666666667]
[51.68666666666667, 48.1, 44.86, 41.21333333333333, 38.98, 37.07333333333333, 35.60666666666667, 33.92666666666667, 31.18, 28.346666666666668, 26.08, 23.96, 22.2, 21.26, 20.633333333333333, 19.966666666666665, 19.36, 19.30666666666667, 18.593333333333334, 17.78, 16.493333333333332, 16.24, 15.24, 14.626666666666667, 14.293333333333333, 12.813333333333333, 13.086666666666666, 13.173333333333334]
[50.43333333333333, 45.3, 40.28, 37.733333333333334, 35.653333333333336, 32.96, 30.64666666666667, 28.273333333333333, 24.573333333333334, 21.46, 20.24, 18.913333333333334, 18.18, 17.7, 16.486666666666668, 15.48, 14.113333333333333, 13.073333333333334, 12.12, 12.513333333333334, 11.76, 11.0, 10.973333333333333, 10.293333333333333, 10.66, 10.68, 11.006666666666666, 11.18]
