[50.0, 44.0, 41.0, 38.5, 37.0, 36.0, 34.0, 33.0, 31.0, 30.0, 28.0, 26.0, 27.0, 26.0, 24.0, 24.0, 24.0, 22.5, 22.0, 20.0, 20.0, 20.0, 19.5, 19.0, 18.0, 18.0, 18.0, 17.0, 18.0, 16.0, 16.0, 16.0, 16.0, 16.0, 16.0, 16.0, 14.5, 14.0, 14.0, 14.0, 14.0, 14.0, 14.0, 14.0, 14.0, 12.0, 12.0, 12.0, 12.0]
[51.0, 46.0, 41.0, 39.0, 37.0, 35.0, 33.0, 33.0, 31.0, 29.0, 28.0, 26.5, 25.0, 25.0, 23.0, 21.0, 20.0, 19.0, 18.0, 17.0, 17.0, 17.0, 16.0, 15.0, 15.0, 14.0, 14.0, 15.0, 15.0, 15.0, 14.0, 14.0, 14.0, 14.0, 14.0, 14.0, 14.0, 13.0, 12.0, 12.0, 12.0, 13.0, 12.0, 11.0, 12.0, 11.0, 11.0, 11.5, 12.0, 12.0, 11.0, 12.0, 11.0, 10.0, 10.5]
[51.0, 45.0, 41.0, 39.0, 38.0, 36.0, 34.0, 31.0, 30.0, 28.0, 25.0, 25.0, 24.0, 24.0, 23.0, 22.0, 21.0, 20.0, 18.0, 17.0, 16.0, 16.0, 16.0, 15.0, 14.0, 14.0, 14.0, 14.0, 15.0, 14.0, 13.0, 13.0, 13.0, 13.0, 12.0, 11.0, 12.0, 10.0]
[51.0, 45.0, 42.0, 37.5, 35.0, 34.0, 32.0, 31.0, 29.0, 27.0, 26.0, 25.0, 23.0, 21.0, 20.0, 20.0, 19.0, 19.0, 17.0, 17.0, 17.0, 15.0, 15.0, 15.0, 15.0, 14.0, 13.0, 12.0, 13.0, 12.0]
[50.5, 44.0, 41.0, 38.0, 37.0, 35.0, 33.0, 32.0, 30.0, 28.0, 25.5, 25.0, 24.0, 23.0, 22.0, 22.0, 21.0, 20.5, 19.0, 18.0, 17.0, 15.0, 15.0, 14.0, 14.0, 14.0, 14.0, 14.0, 13.0, 13.0, 11.0, 12.0, 12.0, 12.0, 13.0, 12.0, 12.0, 11.5, 11.0, 11.0, 10.0, 10.0, 12.0, 10.0]
[51.0, 46.0, 44.0, 41.0, 39.0, 35.5, 33.0, 30.0, 28.0, 27.0, 25.0, 25.0, 23.0, 22.0, 21.0, 21.0, 20.0, 19.0, 18.0, 15.0, 15.0, 15.0, 14.0, 14.0, 14.0, 13.0, 14.0, 14.0, 12.0, 12.0, 11.0]
[52.0, 46.0, 42.0, 38.0, 36.0, 34.0, 33.0, 31.0, 29.0, 28.0, 27.0, 25.0, 24.0, 21.0, 20.0, 19.0, 18.0, 17.0, 16.0, 18.0, 17.0, 16.0, 16.0, 16.0, 15.0, 15.0, 15.0, 16.0, 14.0, 14.0, 14.0, 14.0, 12.0, 12.0, 12.0, 12.0, 12.0, 12.0, 13.0, 12.0, 13.0, 12.0, 12.0, 12.0, 11.0, 11.0, 11.0, 11.5, 11.0, 10.5]
[52.0, 46.0, 41.0, 39.0, 37.0, 35.0, 33.0, 31.0, 30.0, 27.0, 25.0, 24.0, 22.0, 20.5, 20.0, 20.0, 20.0, 18.0, 18.0, 18.0, 17.0, 14.5, 14.0, 12.0, 12.0, 11.5, 12.0, 12.0]
[51.0, 46.0, 42.0, 39.0, 36.0, 34.0, 33.0, 31.0, 28.0, 24.0, 22.0, 21.0, 20.0, 19.0, 19.0, 18.0, 18.0, 16.0, 16.0, 16.0, 16.0, 14.0, 14.0, 13.0, 13.0, 12.0, 12.0, 12.0, 12.0, 12.0, 12.0, 12.0, 12.0, 11.0, 10.0]
[52.0, 46.0, 41.0, 38.0, 35.0, 32.5, 31.0, 29.0, 27.0, 25.5, 25.0, 24.0, 23.0, 22.0, 20.0, 20.0, 19.0, 16.0, 16.0, 16.0, 15.0, 15.0, 14.0, 14.5, 14.5, 14.0, 14.0, 14.0, 14.0, 13.0, 12.0, 12.0, 12.0, 12.0, 12.0, 11.0, 12.0, 10.0, 10.0, 10.5, 11.5, 10.0, 10.0]
[51.0, 45.0, 42.0, 40.0, 37.0, 33.5, 30.0, 29.0, 26.0, 25.0, 24.0, 23.0, 22.0, 22.0, 21.0, 21.0, 19.0, 18.0, 19.0, 17.0, 17.0, 17.0, 16.5, 17.0, 17.0, 17.0, 17.0, 16.0, 15.0, 15.0, 15.5, 15.0, 15.0, 14.0, 14.0, 13.0, 13.0, 13.0, 12.0, 12.0, 12.0, 11.5, 11.5, 12.0, 11.0, 10.0, 12.0, 12.0, 13.0, 14.0, 13.0, 12.0]
[51.0, 47.0, 43.0, 40.0, 37.0, 34.0, 33.5, 31.5, 30.0, 29.0, 26.0, 24.0, 23.0, 21.0, 20.0, 20.5, 19.0, 19.0]
[51.0, 45.0, 42.0, 38.0, 36.0, 35.0, 33.0, 32.0, 32.0, 30.0, 28.0, 27.0, 26.0, 26.0, 25.0, 23.0, 22.0, 21.0, 19.5, 19.0, 18.0, 18.0, 17.0, 17.0, 17.0, 16.0, 15.0, 15.0, 14.0, 14.0, 14.0, 14.0, 14.0, 15.0, 14.0, 14.0, 12.0, 11.5, 11.0, 10.0]
[51.5, 46.0, 42.0, 40.0, 36.0, 34.0, 32.0, 30.0, 29.0, 28.0, 27.0, 26.0, 24.0, 23.0, 22.0, 22.0, 21.0, 21.0, 21.0, 20.0, 20.0, 19.0, 18.0, 18.0, 19.0, 18.0, 18.0, 17.0, 17.0, 17.0, 16.0, 16.0, 15.0, 15.0, 14.0, 14.0, 14.0, 13.0, 13.5, 12.0, 12.0, 12.0, 13.0, 12.0, 12.0, 12.0, 11.5]
[53.0, 47.0, 43.0, 40.0, 38.5, 36.0, 32.0, 29.0, 28.0, 27.0, 26.0, 24.0, 23.0, 22.0, 21.5, 21.0, 20.0, 21.0, 20.0, 19.0, 18.0, 18.0, 16.0, 14.0, 14.0, 14.0, 13.0, 13.0, 13.0, 13.5, 13.0, 13.0, 12.0, 12.0, 12.0]
