[37, 35, 30, 28, 26, 26, 24, 21, 20, 20, 18, 17, 14, 14, 14, 11, 11, 12, 11, 9, 8, 8, 8, 4, 2, 4, 4, 2, 2, 2, 2, 0]
[37, 29, 30, 28, 28, 25, 24, 23, 23, 19, 17, 17, 17, 14, 14, 14, 12, 12, 12, 10, 8, 8, 10, 8, 8, 8, 8, 6, 6, 6, 6, 7, 6, 6, 6, 6, 4, 4, 4, 4, 4, 4, 4, 4, 4, 4, 4, 4, 4, 0]
[39, 38, 37, 31, 27, 31, 24, 19, 20, 20, 16, 13, 9, 9, 9, 9, 8, 8, 8, 6, 6, 6, 6, 6, 4, 4, 4, 4, 4, 4, 4, 4, 4, 4, 4, 4, 4, 4, 4, 2, 2, 2, 2, 2, 2, 2, 2, 2, 0]
[35, 29, 28, 30, 20, 25, 24, 19, 19, 19, 18, 17, 12, 12, 10, 12, 11, 10, 10, 6, 5, 5, 5, 6, 6, 6, 4, 4, 4, 4, 4, 4, 4, 4, 4, 4, 4, 4, 4, 4, 4, 4, 4, 4, 4, 4, 4, 4, 4, 4, 3, 3, 3, 3, 3, 4, 4, 4, 3, 3, 3, 3, 2, 2, 2, 2, 2, 2, 2, 2, 2, 2, 2, 2, 2, 0]
[37, 33, 30, 28, 22, 22, 21, 20, 20, 18, 17, 17, 15, 16, 14, 13, 13, 12, 8, 8, 6, 6, 6, 6, 6, 6, 4, 4, 6, 6, 4, 4, 6, 6, 4, 2, 4, 2, 4, 4, 2, 4, 2, 2, 2, 2, 2, 2, 2, 0]
[36, 32, 29, 28, 27, 20, 20, 15, 15, 14, 12, 6, 6, 6, 6, 6, 6, 8, 8, 6, 6, 6, 4, 4, 4, 4, 0]
[37, 33, 29, 28, 21, 22, 23, 20, 21, 19, 10, 8, 9, 11, 13, 9, 9, 8, 8, 6, 6, 6, 6, 6, 6, 6, 4, 4, 4, 4, 6, 4, 4, 4, 2, 4, 4, 4, 2, 4, 2, 2, 2, 2, 2, 4, 2, 2, 2, 2, 0]
[37, 32, 31, 28, 28, 29, 24, 23, 18, 18, 18, 16, 14, 14, 13, 13, 12, 10, 12, 8, 9, 8, 6, 4, 2, 4, 2, 4, 4, 4, 4, 4, 2, 2, 2, 2, 2, 2, 0]
[37, 36, 28, 27, 26, 24, 24, 24, 24, 22, 18, 16, 15, 14, 13, 13, 11, 11, 11, 6, 6, 4, 4, 4, 4, 4, 2, 2, 2, 2, 2, 2, 2, 0]
[37, 33, 27, 27, 20, 21, 22, 19, 17, 17, 15, 13, 13, 11, 12, 11, 10, 7, 8, 8, 6, 6, 5, 5, 5, 4, 4, 4, 4, 4, 2, 2, 2, 2, 2, 0]
[34, 33, 29, 29, 26, 25, 24, 24, 22, 19, 18, 14, 14, 12, 10, 10, 10, 10, 10, 11, 10, 10, 8, 9, 9, 6, 8, 7, 6, 6, 8, 6, 6, 6, 6, 6, 6, 6, 4, 4, 4, 4, 4, 4, 4, 4, 4, 2, 2, 2, 2, 2, 0]
[36, 32, 25, 25, 23, 23, 22, 18, 16, 16, 13, 12, 12, 11, 11, 7, 7, 4, 4, 4, 4, 4, 4, 4, 4, 4, 4, 4, 4, 2, 4, 4, 2, 2, 2, 2, 0]
[41, 39, 33, 31, 31, 29, 25, 24, 22, 16, 17, 16, 12, 12, 12, 12, 10, 10, 10, 11, 12, 9, 8, 6, 6, 8, 8, 6, 4, 4, 6, 6, 6, 6, 4, 6, 6, 6, 4, 6, 6, 6, 6, 4, 4, 2, 2, 2, 2, 2, 0]
[39, 32, 32, 30, 27, 27, 25, 20, 14, 14, 16, 14, 12, 10, 10, 12, 6, 6, 8, 6, 6, 5, 6, 4, 4, 4, 4, 2, 2, 4, 2, 0]
[37, 30, 32, 27, 30, 25, 24, 23, 22, 20, 18, 20, 18, 14, 18, 18, 15, 13, 13, 12, 10, 10, 10, 8, 11, 6, 6, 6, 8, 8, 8, 8, 8, 8, 6, 8, 6, 6, 6, 6, 6, 5, 6, 4, 4, 4, 4, 4, 4, 4, 4, 4, 4, 2, 2, 4, 2, 2, 2, 2, 2, 0]
