[37, 30, 28, 28, 27, 24, 22, 19, 17, 17, 15, 13, 12, 11, 11, 10, 9, 9, 8, 8, 8, 8, 8, 6, 6, 2, 2, 2, 2, 5, 5, 4, 4, 4, 2, 4, 4, 4, 4, 4, 4, 4, 4, 4, 4, 2, 4, 2, 4, 4, 4, 4, 4, 4, 4, 4, 2, 2, 2, 4, 2, 2, 2, 2, 2, 2, 2, 2, 2, 2, 2, 2, 2, 2, 2, 2, 4, 4, 4, 2, 0]
[40, 38, 34, 31, 33, 29, 27, 28, 27, 23, 19, 15, 18, 17, 17, 17, 15, 15, 12, 9, 11, 10, 10, 10, 10, 9, 9, 6, 5, 4, 6, 4, 5, 4, 5, 4, 4, 6, 4, 4, 4, 5, 5, 4, 5, 6, 5, 6, 4, 4, 5, 3, 3, 5, 4, 4, 4, 4, 4, 4, 2, 3, 4, 4, 4, 2, 2, 0]
[36, 34, 31, 25, 25, 20, 18, 12, 12, 12, 11, 11, 11, 11, 9, 9, 9, 9, 9, 9, 7, 7, 5, 5, 7, 7, 6, 6, 5, 5, 4, 5, 5, 5, 5, 5, 4, 5, 6, 5, 5, 5, 5, 5, 5, 5, 4, 4, 4, 4, 4, 4, 4, 4, 4, 4, 4, 4, 4, 4, 4, 4, 4, 4, 4, 4, 6, 4, 4, 4, 4, 4, 4, 4, 4, 4, 4, 4, 4, 6, 6, 4, 4, 4, 4, 4, 4, 4, 4, 4, 4, 4, 4, 5, 5, 5, 5, 4, 4, 4, 5, 4, 5, 4, 4, 4, 4, 4, 4, 4, 4, 4, 4, 4, 4, 4, 4, 6, 6, 6, 6, 4, 4, 4, 4, 4, 4, 4, 4, 4, 4, 4, 4, 4, 4, 4, 4, 5, 5, 4, 4, 4, 4, 4, 4, 4, 4, 4, 4, 4, 4, 4, 4, 4, 4, 4, 4, 4, 4, 4, 4, 4, 4, 4, 4, 4, 4, 4, 4, 4, 4, 4, 4, 4, 4, 4, 4, 4, 4, 4, 4, 4, 4, 4, 4, 4, 4, 4, 4, 4, 6, 5, 5, 4, 4, 4, 4, 4, 4, 4, 4, 4, 4, 4, 5, 5, 4, 4, 4, 4, 4, 4, 4, 4, 4, 4, 4, 4, 4, 6, 6, 5, 4, 4, 4, 4, 4, 4, 4, 4, 5, 4, 4, 4, 4, 4, 4, 4, 4, 4, 4, 4, 4, 4, 4, 5, 5, 6, 4, 4, 4, 4, 4, 4, 4, 4, 4, 4, 4, 4, 4, 4, 4, 4, 4, 4, 6, 4, 4, 4, 4, 6, 6, 6, 6, 6, 6, 6, 6, 6, 6, 4, 8, 6, 6, 6, 6, 6, 6, 6, 6, 6, 6, 6, 7, 6, 6, 6, 6, 4, 4, 4, 4, 4, 4, 4, 4, 4, 4, 4, 4, 4, 4, 4, 4, 4, 4, 4, 4, 4, 4, 4, 4, 4, 4, 4, 4, 4, 4, 4, 4, 2, 4, 5, 6, 4, 4, 4, 4, 4, 4, 4, 4, 4, 4, 4, 4, 5, 4, 4, 6, 4, 4, 4, 4, 4, 5, 4, 2, 2, 4, 4, 4, 4, 4, 4, 4, 4, 4, 4, 5, 5, 5, 6, 7, 7, 6, 6, 6, 6, 4, 4, 4, 4, 4, 4, 4, 4, 4, 4, 4, 4, 4, 4, 4, 4, 4, 4, 4, 2, 4, 2, 4, 4, 4, 4, 6, 6, 2, 2, 6, 6, 6, 4, 4, 6, 4, 4, 6, 2, 2, 2, 2, 2, 2, 2, 4, 2, 2, 2, 4, 2, 2, 2, 2, 2, 2, 4, 4, 2, 2, 2, 2, 2, 2, 2, 4, 4, 2, 2, 0]
[33, 27, 27, 27, 26, 24, 21, 15, 21, 19, 17, 17, 14, 17, 17, 13, 13, 14, 14, 12, 13, 13, 13, 13, 12, 12, 12, 12, 9, 11, 12, 9, 9, 8, 9, 8, 8, 8, 7, 8, 7, 7, 7, 7, 7, 7, 7, 7, 8, 7, 7, 7, 7, 7, 7, 5, 7, 7, 5, 5, 7, 7, 6, 6, 6, 6, 7, 7, 7, 7, 7, 7, 7, 7, 8, 7, 7, 7, 7, 9, 9, 7, 7, 6, 6, 6, 6, 6, 6, 6, 6, 6, 6, 6, 6, 6, 6, 6, 4, 4, 4, 4, 4, 4, 4, 4, 4, 4, 4, 4, 4, 4, 4, 4, 4, 4, 4, 4, 4, 4, 4, 5, 4, 2, 2, 2, 2, 4, 4, 4, 4, 4, 4, 2, 2, 2, 4, 4, 4, 2, 4, 2, 4, 2, 4, 4, 2, 4, 4, 4, 4, 4, 2, 2, 2, 2, 2, 2, 2, 2, 4, 4, 4, 4, 4, 2, 2, 2, 4, 4, 2, 2, 4, 4, 4, 4, 2, 4, 2, 2, 2, 2, 4, 2, 2, 2, 2, 2, 2, 2, 2, 2, 2, 2, 2, 2, 2, 2, 2, 2, 2, 2, 2, 2, 0]
[37, 36, 30, 29, 29, 26, 28, 22, 20, 20, 19, 17, 15, 14, 14, 13, 13, 13, 11, 11, 11, 11, 11, 11, 11, 9, 9, 9, 9, 9, 9, 10, 8, 11, 5, 5, 5, 5, 8, 7, 8, 8, 7, 7, 6, 8, 7, 7, 8, 8, 7, 7, 6, 5, 6, 6, 6, 5, 5, 5, 5, 2, 6, 2, 6, 2, 2, 2, 2, 2, 2, 4, 4, 4, 4, 3, 3, 2, 2, 2, 2, 2, 2, 2, 2, 4, 4, 4, 4, 2, 2, 2, 2, 2, 2, 2, 2, 2, 2, 2, 2, 2, 3, 3, 3, 4, 4, 4, 4, 4, 4, 2, 2, 4, 4, 4, 2, 2, 4, 4, 4, 4, 3, 3, 3, 5, 4, 4, 4, 4, 4, 3, 3, 3, 4, 4, 4, 4, 4, 5, 5, 5, 5, 4, 4, 4, 4, 2, 2, 2, 2, 2, 2, 2, 2, 2, 2, 2, 2, 2, 2, 2, 2, 2, 2, 2, 2, 2, 3, 4, 3, 4, 2, 5, 2, 3, 2, 2, 2, 2, 2, 2, 2, 2, 2, 2, 2, 2, 2, 2, 2, 2, 2, 2, 2, 2, 2, 2, 2, 2, 2, 2, 2, 2, 2, 2, 2, 2, 2, 2, 2, 2, 2, 2, 2, 2, 2, 2, 2, 2, 2, 2, 3, 2, 2, 2, 2, 2, 2, 2, 2, 2, 2, 2, 2, 2, 2, 2, 2, 2, 2, 2, 2, 2, 2, 4, 3, 2, 4, 4, 2, 2, 2, 2, 2, 2, 2, 2, 2, 2, 2, 2, 2, 2, 2, 2, 2, 2, 2, 2, 2, 2, 2, 2, 2, 4, 4, 2, 2, 2, 2, 2, 4, 4, 2, 4, 2, 2, 2, 2, 2, 4, 2, 2, 2, 2, 4, 2, 2, 3, 3, 3, 3, 3, 2, 2, 2, 0]
[35, 30, 28, 26, 24, 24, 22, 24, 20, 17, 17, 17, 16, 10, 10, 10, 10, 10, 11, 8, 6, 6, 8, 8, 6, 4, 4, 2, 5, 4, 4, 2, 4, 4, 4, 4, 4, 4, 5, 4, 4, 4, 4, 4, 4, 4, 4, 2, 2, 2, 2, 2, 2, 4, 4, 4, 2, 4, 4, 4, 4, 4, 4, 4, 4, 2, 2, 2, 2, 2, 2, 2, 2, 0]
[34, 28, 28, 27, 26, 21, 23, 25, 24, 23, 22, 19, 13, 17, 16, 15, 14, 14, 13, 13, 12, 12, 12, 13, 9, 9, 9, 9, 9, 8, 8, 8, 8, 7, 6, 6, 6, 6, 6, 6, 6, 6, 6, 6, 7, 6, 7, 6, 7, 6, 6, 8, 7, 7, 7, 6, 6, 6, 6, 4, 5, 4, 4, 4, 4, 4, 4, 5, 5, 4, 4, 4, 4, 4, 4, 4, 4, 4, 4, 4, 4, 4, 4, 5, 5, 4, 4, 4, 2, 4, 4, 2, 2, 2, 2, 2, 2, 2, 2, 3, 2, 2, 2, 2, 2, 2, 2, 2, 0]
[28, 29, 30, 27, 26, 26, 23, 21, 12, 15, 13, 13, 8, 11, 10, 10, 8, 10, 8, 8, 6, 8, 8, 8, 8, 6, 6, 6, 5, 6, 6, 6, 6, 6, 8, 8, 6, 6, 7, 7, 6, 6, 7, 6, 6, 6, 5, 5, 5, 6, 5, 5, 5, 5, 5, 4, 4, 6, 5, 5, 7, 5, 7, 5, 5, 4, 4, 4, 5, 5, 5, 5, 5, 5, 4, 5, 5, 5, 5, 5, 5, 4, 5, 5, 5, 5, 5, 5, 5, 5, 5, 5, 5, 5, 5, 5, 5, 6, 6, 6, 5, 5, 5, 5, 7, 6, 5, 5, 5, 5, 5, 5, 5, 5, 4, 4, 4, 4, 5, 4, 4, 4, 4, 6, 4, 4, 4, 4, 4, 4, 4, 4, 4, 2, 2, 2, 2, 4, 2, 2, 2, 2, 2, 2, 2, 2, 2, 2, 2, 2, 0]
[35, 31, 27, 24, 23, 24, 21, 22, 20, 17, 18, 17, 16, 13, 16, 14, 11, 14, 14, 13, 13, 12, 12, 11, 11, 10, 9, 9, 7, 7, 5, 7, 7, 7, 7, 5, 7, 7, 5, 5, 5, 5, 5, 5, 5, 5, 5, 5, 5, 6, 5, 5, 6, 7, 7, 6, 7, 5, 5, 5, 5, 5, 5, 5, 5, 7, 5, 5, 7, 4, 6, 4, 4, 4, 5, 4, 5, 4, 4, 3, 3, 3, 3, 4, 4, 3, 4, 4, 2, 4, 4, 4, 4, 4, 4, 4, 4, 2, 2, 2, 2, 2, 2, 2, 2, 2, 2, 2, 2, 2, 2, 4, 2, 2, 2, 2, 4, 2, 4, 2, 2, 4, 4, 4, 4, 4, 2, 4, 4, 2, 4, 2, 2, 2, 2, 2, 2, 2, 0]
[26, 26, 26, 25, 23, 23, 23, 20, 18, 18, 18, 17, 18, 17, 15, 14, 13, 13, 11, 13, 13, 9, 7, 7, 9, 9, 9, 9, 7, 9, 7, 7, 8, 6, 9, 7, 6, 6, 7, 7, 7, 7, 7, 7, 5, 5, 5, 5, 5, 5, 4, 4, 5, 2, 2, 2, 2, 2, 2, 2, 2, 2, 2, 2, 2, 2, 4, 2, 2, 2, 2, 2, 2, 2, 2, 2, 2, 2, 2, 2, 2, 2, 2, 2, 2, 2, 2, 2, 3, 2, 3, 3, 2, 2, 2, 2, 4, 2, 3, 2, 4, 4, 3, 4, 3, 3, 2, 2, 2, 2, 2, 2, 2, 2, 2, 2, 2, 4, 2, 4, 3, 4, 2, 2, 2, 0]
[36, 31, 29, 23, 19, 17, 17, 12, 12, 10, 13, 13, 12, 10, 10, 10, 9, 9, 11, 9, 10, 10, 9, 9, 9, 9, 9, 9, 7, 7, 7, 8, 7, 7, 6, 6, 7, 7, 7, 7, 7, 6, 6, 6, 7, 7, 7, 6, 6, 7, 7, 7, 7, 7, 6, 6, 6, 6, 6, 6, 6, 5, 5, 5, 5, 5, 5, 7, 5, 5, 5, 4, 5, 6, 6, 6, 4, 4, 4, 4, 4, 2, 2, 3, 2, 2, 2, 2, 2, 2, 2, 2, 2, 2, 2, 2, 2, 2, 0]
[37, 32, 31, 29, 26, 25, 25, 23, 21, 19, 17, 18, 17, 17, 14, 11, 13, 13, 8, 10, 10, 10, 8, 8, 9, 8, 8, 10, 8, 8, 6, 6, 6, 6, 6, 6, 6, 6, 6, 6, 6, 7, 8, 6, 6, 6, 7, 4, 4, 6, 4, 4, 4, 5, 4, 5, 5, 4, 4, 4, 4, 4, 2, 4, 4, 4, 4, 4, 4, 4, 4, 4, 4, 4, 4, 4, 4, 4, 4, 2, 4, 4, 4, 4, 4, 4, 4, 5, 5, 4, 4, 4, 4, 4, 4, 4, 4, 4, 5, 5, 3, 3, 5, 5, 3, 3, 3, 3, 3, 3, 5, 5, 4, 4, 3, 2, 3, 3, 0]
[37, 37, 29, 30, 27, 27, 24, 22, 19, 20, 18, 18, 17, 16, 17, 15, 17, 14, 14, 11, 11, 11, 10, 8, 8, 8, 6, 6, 6, 6, 6, 6, 6, 6, 6, 6, 6, 6, 6, 4, 4, 4, 4, 2, 2, 2, 2, 2, 2, 2, 2, 2, 2, 2, 2, 2, 2, 4, 2, 2, 2, 4, 2, 2, 0]
[37, 37, 29, 29, 24, 21, 23, 20, 15, 16, 14, 15, 15, 15, 10, 12, 10, 12, 13, 12, 12, 11, 9, 9, 8, 7, 7, 9, 9, 9, 9, 9, 7, 7, 6, 6, 6, 7, 8, 6, 6, 4, 4, 4, 4, 4, 4, 4, 2, 2, 4, 4, 4, 4, 4, 4, 4, 4, 4, 3, 4, 6, 4, 2, 2, 4, 4, 4, 2, 2, 2, 2, 2, 2, 2, 2, 2, 2, 2, 2, 2, 0]
[35, 35, 29, 29, 27, 25, 25, 25, 23, 23, 19, 15, 12, 12, 12, 11, 11, 11, 11, 9, 11, 11, 9, 10, 9, 9, 9, 9, 9, 9, 9, 9, 7, 7, 7, 6, 6, 6, 6, 6, 7, 6, 5, 5, 5, 5, 5, 6, 5, 4, 4, 4, 5, 6, 4, 4, 5, 5, 6, 4, 5, 5, 5, 5, 6, 2, 4, 4, 4, 4, 2, 2, 4, 5, 2, 2, 2, 2, 2, 2, 2, 2, 2, 2, 2, 0]
