[37, 31, 28, 24, 16, 16, 14, 14, 14, 10, 8, 8, 8, 6, 8, 4, 6, 7, 7, 8, 8, 6, 6, 6, 4, 4, 2, 2, 2, 2, 2, 0]
[35, 30, 28, 24, 18, 18, 14, 14, 6, 6, 6, 6, 0]
[38, 32, 30, 24, 23, 16, 12, 10, 12, 12, 12, 8, 8, 6, 8, 8, 6, 6, 7, 7, 4, 4, 4, 4, 4, 4, 4, 2, 4, 4, 2, 2, 0]
[40, 33, 29, 26, 22, 20, 16, 15, 14, 10, 10, 8, 8, 7, 6, 8, 6, 6, 4, 2, 2, 2, 2, 4, 4, 4, 4, 2, 2, 2, 2, 2, 2, 2, 2, 2, 4, 2, 0]
[36, 32, 28, 22, 21, 20, 18, 18, 14, 16, 11, 14, 11, 11, 8, 4, 6, 7, 7, 3, 2, 4, 8, 4, 4, 4, 3, 4, 4, 4, 4, 4, 4, 3, 2, 2, 2, 4, 2, 4, 2, 6, 6, 4, 5, 6, 6, 4, 6, 4, 6, 8, 8, 6, 6, 4, 2, 2, 2, 4, 2, 2, 2, 2, 2, 0]
[38, 32, 27, 22, 22, 16, 12, 12, 12, 8, 4, 6, 4, 4, 2, 2, 2, 4, 4, 4, 0]
[37, 30, 27, 23, 22, 20, 15, 17, 9, 9, 6, 8, 6, 2, 4, 4, 4, 4, 4, 4, 4, 2, 2, 4, 4, 2, 2, 2, 2, 2, 2, 4, 2, 2, 2, 2, 2, 0]
[38, 33, 27, 25, 24, 21, 19, 14, 15, 14, 11, 9, 8, 6, 6, 8, 8, 6, 0]
[38, 34, 29, 25, 21, 12, 12, 13, 10, 8, 8, 8, 6, 6, 6, 6, 5, 5, 4, 4, 4, 4, 4, 4, 6, 2, 2, 2, 2, 2, 2, 2, 2, 4, 6, 4, 2, 2, 4, 4, 0]
[37, 34, 30, 26, 18, 21, 18, 18, 17, 13, 14, 14, 12, 8, 10, 10, 10, 10, 8, 8, 6, 6, 6, 4, 4, 2, 2, 4, 4, 4, 4, 4, 6, 4, 4, 4, 4, 4, 2, 4, 4, 2, 2, 4, 4, 0]
[34, 29, 24, 22, 17, 15, 15, 13, 14, 12, 9, 8, 8, 8, 6, 6, 4, 2, 6, 4, 0]
[33, 27, 21, 19, 16, 16, 12, 13, 12, 10, 6, 8, 8, 8, 6, 5, 5, 6, 4, 0]
[37, 33, 28, 20, 21, 16, 16, 12, 10, 12, 10, 10, 8, 8, 8, 6, 4, 4, 4, 6, 2, 0]
[31, 28, 28, 16, 15, 15, 14, 13, 8, 7, 6, 5, 2, 4, 2, 4, 0]
[30, 29, 26, 16, 16, 12, 11, 10, 10, 2, 4, 4, 2, 4, 2, 0]
[37, 31, 30, 29, 25, 22, 20, 19, 14, 14, 14, 12, 9, 10, 10, 8, 7, 8, 7, 4, 2, 2, 4, 2, 4, 2, 4, 4, 4, 4, 2, 4, 4, 4, 4, 0]
[32, 29, 27, 22, 19, 19, 14, 14, 8, 8, 8, 8, 6, 6, 6, 6, 6, 6, 4, 6, 6, 6, 6, 6, 6, 2, 2, 4, 4, 2, 2, 4, 2, 2, 2, 4, 4, 4, 0]
[38, 33, 29, 25, 18, 15, 13, 10, 10, 10, 10, 6, 8, 8, 8, 8, 6, 6, 6, 6, 4, 6, 4, 2, 4, 4, 4, 0]
[38, 32, 28, 21, 20, 19, 16, 15, 12, 10, 10, 8, 9, 8, 8, 4, 6, 4, 6, 4, 4, 6, 0]
[37, 33, 27, 23, 17, 13, 14, 12, 12, 10, 11, 7, 8, 6, 6, 8, 7, 8, 6, 4, 4, 2, 2, 2, 2, 2, 2, 2, 4, 2, 4, 3, 4, 4, 0]
[36, 31, 26, 19, 19, 18, 13, 11, 11, 9, 8, 4, 4, 4, 4, 4, 2, 0]
[37, 32, 26, 21, 21, 16, 17, 14, 11, 11, 8, 13, 11, 11, 12, 10, 12, 12, 7, 5, 5, 5, 5, 6, 6, 6, 2, 4, 4, 4, 2, 4, 4, 4, 2, 4, 6, 6, 4, 6, 2, 2, 2, 2, 2, 2, 4, 4, 4, 4, 4, 4, 2, 0]
[37, 28, 28, 24, 24, 21, 19, 17, 16, 10, 10, 12, 6, 8, 5, 0]
[36, 31, 24, 23, 22, 18, 14, 14, 12, 10, 9, 9, 9, 7, 6, 6, 6, 4, 4, 2, 4, 2, 0]
[38, 28, 22, 21, 21, 16, 15, 13, 13, 10, 9, 9, 6, 6, 4, 4, 4, 4, 4, 4, 2, 2, 2, 2, 0]
[39, 34, 27, 22, 22, 16, 13, 13, 11, 11, 9, 8, 8, 8, 8, 8, 8, 5, 6, 2, 5, 4, 4, 5, 4, 4, 2, 2, 2, 2, 0]
[31, 29, 24, 23, 20, 19, 12, 10, 10, 8, 6, 6, 4, 4, 6, 4, 8, 8, 4, 4, 6, 2, 6, 2, 4, 4, 2, 4, 4, 4, 6, 6, 4, 2, 2, 0]
[35, 31, 25, 23, 19, 19, 16, 16, 13, 12, 8, 10, 10, 8, 8, 6, 6, 6, 6, 2, 0]
[33, 24, 22, 21, 14, 16, 14, 8, 12, 8, 8, 8, 8, 2, 4, 6, 4, 2, 2, 2, 0]
[36, 31, 25, 24, 19, 15, 15, 16, 14, 10, 9, 9, 6, 6, 4, 4, 4, 4, 4, 2, 2, 2, 2, 2, 2, 0]
[29, 28, 24, 24, 21, 17, 13, 13, 8, 8, 8, 8, 4, 4, 4, 4, 4, 4, 2, 4, 2, 2, 4, 0]
[33, 29, 26, 23, 19, 12, 13, 10, 8, 9, 6, 6, 6, 6, 6, 6, 4, 6, 6, 6, 6, 6, 2, 2, 2, 4, 2, 2, 2, 2, 0]
[40, 34, 23, 23, 19, 18, 17, 13, 15, 10, 11, 12, 9, 9, 10, 10, 8, 8, 6, 4, 4, 6, 4, 4, 4, 4, 4, 4, 4, 6, 4, 4, 4, 4, 4, 2, 0]
[32, 25, 21, 20, 18, 16, 14, 13, 8, 4, 6, 6, 4, 6, 6, 6, 4, 4, 0]
[37, 31, 27, 24, 20, 20, 18, 18, 17, 17, 17, 15, 15, 13, 13, 12, 14, 14, 12, 11, 11, 11, 8, 8, 10, 8, 8, 6, 6, 8, 6, 6, 6, 7, 4, 4, 6, 4, 4, 4, 4, 0]
[31, 29, 25, 21, 21, 15, 15, 10, 9, 7, 8, 6, 6, 6, 6, 2, 4, 4, 2, 2, 2, 2, 4, 4, 4, 4, 2, 2, 6, 2, 2, 2, 2, 0]
[40, 33, 25, 24, 18, 14, 14, 10, 10, 10, 10, 10, 10, 6, 6, 8, 6, 6, 6, 6, 4, 4, 4, 4, 0]
[36, 29, 27, 19, 19, 15, 18, 15, 10, 8, 8, 8, 8, 8, 6, 8, 6, 6, 6, 2, 2, 2, 6, 4, 4, 2, 2, 2, 2, 3, 2, 0]
[39, 32, 24, 24, 22, 20, 19, 12, 14, 14, 13, 12, 11, 11, 10, 10, 8, 8, 8, 4, 6, 4, 4, 4, 4, 4, 4, 6, 4, 2, 4, 4, 4, 0]
[35, 32, 28, 19, 20, 17, 16, 12, 12, 12, 12, 10, 8, 8, 8, 6, 4, 6, 6, 2, 2, 4, 4, 5, 2, 6, 4, 4, 4, 4, 4, 4, 4, 2, 4, 2, 2, 2, 2, 2, 4, 4, 4, 4, 2, 2, 2, 4, 4, 2, 0]
[30, 29, 26, 24, 21, 15, 18, 17, 15, 15, 12, 10, 8, 10, 10, 6, 10, 8, 6, 7, 4, 5, 4, 4, 3, 3, 4, 4, 2, 2, 2, 2, 2, 2, 2, 2, 0]
[37, 30, 26, 23, 20, 17, 14, 12, 6, 8, 5, 5, 7, 7, 2, 4, 2, 4, 4, 2, 4, 2, 2, 2, 2, 2, 2, 0]
[39, 21, 14, 17, 15, 15, 14, 12, 8, 8, 4, 2, 6, 2, 4, 4, 2, 6, 4, 4, 6, 4, 3, 2, 2, 4, 2, 2, 2, 4, 0]
[38, 33, 28, 28, 24, 21, 19, 18, 16, 15, 13, 10, 8, 8, 8, 6, 6, 8, 4, 2, 2, 0]
[37, 33, 30, 27, 26, 19, 19, 17, 17, 15, 11, 11, 10, 8, 8, 4, 2, 4, 4, 2, 0]
[36, 34, 27, 23, 20, 17, 15, 10, 10, 10, 8, 8, 7, 6, 4, 4, 4, 4, 4, 4, 4, 4, 4, 0]
[37, 33, 29, 26, 21, 16, 12, 12, 12, 12, 10, 8, 8, 4, 4, 4, 4, 2, 4, 2, 2, 4, 2, 2, 0]
[32, 29, 24, 23, 21, 18, 13, 13, 6, 8, 8, 5, 6, 6, 8, 6, 3, 4, 3, 3, 3, 5, 5, 5, 4, 5, 4, 2, 2, 2, 2, 4, 4, 4, 2, 2, 4, 4, 2, 4, 2, 4, 4, 0]
[39, 33, 29, 25, 22, 20, 17, 15, 14, 11, 10, 11, 12, 11, 12, 12, 11, 11, 8, 6, 6, 4, 0]
[39, 29, 28, 21, 23, 18, 18, 16, 13, 12, 8, 8, 6, 5, 5, 5, 2, 2, 2, 2, 4, 0]
[36, 32, 29, 25, 21, 20, 15, 15, 11, 7, 7, 4, 6, 6, 8, 4, 2, 4, 6, 0]
[32, 32, 29, 23, 18, 15, 14, 14, 12, 12, 12, 8, 9, 8, 6, 4, 4, 6, 6, 2, 6, 4, 4, 6, 6, 6, 2, 2, 2, 0]
[37, 29, 26, 23, 19, 18, 17, 12, 11, 12, 10, 8, 6, 6, 6, 8, 8, 6, 6, 6, 4, 2, 4, 4, 5, 4, 2, 2, 2, 4, 2, 2, 2, 2, 3, 3, 0]
[37, 35, 30, 27, 24, 22, 21, 20, 16, 13, 10, 12, 6, 8, 7, 8, 6, 4, 2, 4, 4, 4, 4, 4, 2, 4, 4, 0]
[35, 32, 25, 20, 20, 20, 18, 17, 12, 10, 10, 9, 6, 6, 6, 6, 6, 6, 5, 2, 4, 4, 0]
[36, 31, 27, 25, 20, 18, 16, 15, 15, 12, 11, 8, 8, 6, 4, 2, 4, 2, 4, 4, 4, 4, 4, 4, 5, 2, 2, 2, 2, 0]
[34, 28, 21, 20, 18, 16, 15, 10, 10, 10, 8, 8, 4, 4, 2, 2, 2, 2, 2, 2, 2, 4, 6, 2, 0]
[35, 29, 26, 21, 20, 17, 13, 12, 8, 9, 6, 6, 4, 2, 2, 2, 2, 4, 4, 0]
[35, 30, 28, 22, 20, 17, 13, 8, 10, 10, 6, 6, 4, 6, 6, 4, 6, 6, 6, 6, 4, 6, 6, 4, 5, 5, 2, 4, 4, 2, 2, 2, 2, 2, 2, 2, 2, 2, 4, 2, 2, 2, 0]
[34, 30, 29, 26, 22, 22, 19, 17, 18, 14, 14, 8, 4, 4, 4, 6, 4, 4, 4, 4, 4, 4, 5, 4, 4, 4, 2, 2, 4, 6, 2, 6, 4, 4, 4, 4, 2, 2, 2, 2, 2, 2, 4, 2, 4, 6, 4, 2, 2, 4, 2, 2, 2, 2, 2, 2, 0]
[37, 32, 29, 21, 19, 16, 16, 16, 14, 11, 11, 11, 9, 8, 6, 8, 6, 8, 6, 6, 6, 6, 6, 6, 7, 6, 8, 6, 4, 2, 2, 4, 4, 4, 4, 4, 2, 4, 2, 4, 2, 4, 2, 4, 2, 2, 2, 2, 2, 4, 2, 4, 2, 2, 4, 4, 4, 4, 6, 4, 4, 0]
[39, 33, 29, 20, 18, 18, 14, 17, 16, 14, 10, 8, 8, 8, 6, 4, 4, 4, 2, 2, 2, 2, 2, 2, 2, 2, 2, 2, 2, 0]
[38, 30, 27, 15, 16, 14, 11, 10, 8, 6, 6, 6, 4, 4, 4, 2, 0]
[36, 34, 31, 26, 24, 17, 13, 10, 11, 11, 9, 7, 7, 7, 9, 7, 7, 8, 7, 8, 10, 7, 7, 8, 8, 6, 6, 4, 4, 4, 4, 4, 2, 2, 4, 2, 2, 4, 2, 0]
[32, 27, 24, 21, 17, 16, 14, 13, 13, 10, 8, 10, 8, 8, 4, 6, 4, 4, 4, 2, 2, 0]
[32, 30, 29, 26, 24, 20, 20, 16, 12, 10, 8, 6, 6, 6, 6, 6, 6, 4, 2, 2, 4, 4, 2, 2, 2, 2, 4, 2, 0]
[35, 28, 24, 21, 18, 12, 14, 13, 10, 10, 6, 6, 4, 4, 4, 4, 4, 4, 2, 4, 4, 2, 2, 2, 2, 4, 2, 2, 2, 4, 4, 4, 4, 6, 0]
[36, 30, 27, 23, 21, 13, 13, 13, 8, 9, 9, 10, 9, 8, 8, 8, 6, 4, 4, 4, 5, 0]
[37, 32, 29, 25, 22, 19, 18, 15, 12, 10, 6, 8, 2, 4, 4, 6, 6, 4, 2, 4, 2, 4, 2, 0]
[32, 30, 25, 24, 22, 18, 18, 17, 14, 14, 15, 14, 13, 12, 6, 10, 8, 6, 6, 4, 4, 4, 6, 4, 4, 4, 4, 2, 4, 4, 4, 4, 2, 0]
[38, 31, 28, 25, 20, 18, 16, 11, 12, 13, 11, 10, 8, 10, 8, 8, 6, 2, 4, 2, 2, 4, 4, 4, 2, 2, 4, 4, 4, 0]
[34, 33, 24, 24, 20, 19, 19, 17, 13, 13, 12, 13, 11, 11, 9, 8, 9, 8, 6, 8, 6, 4, 4, 4, 4, 4, 2, 4, 2, 2, 2, 2, 4, 2, 2, 2, 2, 4, 4, 4, 2, 2, 2, 2, 0]
[36, 34, 32, 27, 25, 18, 17, 16, 15, 14, 12, 13, 12, 11, 11, 10, 10, 4, 6, 4, 2, 6, 4, 4, 0]
[33, 27, 23, 21, 19, 17, 15, 13, 10, 6, 9, 10, 8, 4, 6, 6, 6, 6, 2, 2, 2, 2, 2, 2, 2, 4, 2, 2, 2, 4, 2, 2, 2, 0]
[34, 30, 27, 25, 21, 18, 17, 13, 12, 10, 10, 11, 4, 6, 4, 4, 6, 2, 2, 4, 2, 2, 4, 4, 2, 2, 2, 0]
[36, 31, 30, 27, 23, 22, 21, 18, 16, 15, 14, 16, 10, 10, 10, 10, 10, 10, 10, 8, 8, 8, 6, 6, 6, 8, 6, 8, 6, 0]
[40, 24, 22, 16, 16, 16, 17, 15, 11, 11, 8, 9, 6, 4, 4, 4, 2, 4, 4, 2, 2, 2, 2, 2, 0]
[39, 30, 28, 25, 21, 20, 14, 14, 10, 8, 8, 6, 4, 4, 6, 2, 2, 2, 2, 2, 2, 0]
[36, 33, 23, 24, 16, 17, 14, 14, 12, 14, 12, 8, 8, 8, 6, 6, 4, 4, 4, 6, 6, 4, 4, 0]
[34, 31, 26, 24, 19, 20, 18, 15, 15, 9, 11, 11, 11, 9, 9, 7, 8, 6, 7, 4, 2, 2, 2, 6, 4, 6, 4, 4, 4, 2, 0]
[35, 30, 26, 26, 21, 17, 15, 12, 14, 8, 6, 6, 6, 8, 6, 4, 5, 6, 6, 6, 2, 6, 6, 4, 6, 6, 7, 4, 2, 2, 4, 0]
[34, 29, 25, 18, 19, 17, 14, 13, 13, 11, 10, 10, 8, 6, 6, 6, 4, 4, 4, 4, 2, 0]
[42, 39, 29, 27, 22, 23, 22, 20, 19, 15, 13, 7, 7, 5, 5, 6, 2, 4, 2, 2, 2, 2, 0]
[38, 33, 29, 25, 17, 15, 14, 12, 10, 8, 8, 8, 8, 8, 6, 8, 8, 4, 6, 4, 4, 4, 7, 8, 8, 8, 8, 4, 6, 6, 6, 6, 6, 6, 6, 4, 4, 0]
[37, 30, 27, 25, 20, 18, 16, 8, 10, 9, 10, 10, 10, 9, 4, 4, 6, 4, 6, 8, 2, 4, 2, 2, 2, 4, 4, 4, 4, 4, 2, 2, 2, 2, 2, 3, 2, 2, 2, 2, 2, 4, 2, 2, 0]
[39, 34, 31, 27, 20, 18, 18, 16, 16, 14, 14, 12, 11, 8, 8, 8, 6, 6, 4, 4, 2, 4, 4, 2, 2, 2, 0]
[36, 33, 27, 20, 19, 17, 16, 18, 14, 15, 13, 11, 11, 11, 6, 6, 6, 2, 2, 2, 2, 2, 2, 4, 4, 2, 2, 4, 4, 0]
[36, 26, 24, 20, 20, 19, 18, 14, 12, 12, 12, 11, 6, 6, 4, 4, 4, 4, 6, 2, 2, 4, 2, 0]
[37, 34, 26, 19, 19, 13, 13, 13, 13, 11, 13, 10, 12, 10, 10, 10, 8, 8, 6, 6, 6, 5, 6, 6, 6, 4, 6, 2, 4, 2, 2, 0]
[38, 31, 27, 24, 21, 14, 12, 10, 11, 10, 9, 10, 8, 10, 11, 4, 6, 8, 7, 6, 4, 4, 4, 4, 4, 4, 4, 4, 6, 4, 6, 5, 4, 4, 4, 4, 4, 3, 5, 5, 4, 2, 2, 4, 4, 5, 5, 4, 4, 6, 4, 2, 4, 4, 4, 2, 4, 4, 2, 4, 0]
[34, 29, 22, 18, 18, 14, 13, 8, 8, 6, 6, 4, 2, 2, 0]
[38, 32, 26, 23, 20, 14, 14, 14, 11, 11, 12, 10, 8, 6, 4, 6, 6, 4, 2, 0]
[36, 29, 25, 20, 17, 15, 14, 14, 10, 6, 8, 4, 4, 4, 4, 4, 4, 4, 4, 6, 6, 4, 4, 0]
[38, 29, 26, 23, 20, 21, 17, 15, 13, 12, 12, 11, 12, 10, 9, 9, 8, 7, 4, 6, 0]
[33, 28, 28, 20, 20, 18, 19, 18, 17, 16, 13, 13, 12, 10, 6, 6, 8, 6, 6, 4, 6, 6, 4, 4, 4, 4, 6, 6, 7, 4, 4, 2, 2, 2, 2, 2, 2, 0]
[39, 31, 27, 25, 21, 20, 16, 15, 8, 8, 6, 4, 2, 2, 4, 6, 2, 4, 6, 4, 0]
[38, 36, 30, 25, 20, 20, 19, 16, 18, 18, 15, 12, 12, 8, 8, 10, 8, 6, 8, 4, 4, 4, 2, 6, 6, 4, 4, 4, 4, 2, 2, 2, 2, 2, 2, 4, 4, 4, 2, 2, 4, 4, 4, 4, 4, 4, 2, 4, 4, 2, 4, 2, 4, 0]
[37, 31, 27, 23, 20, 20, 17, 11, 13, 10, 11, 11, 7, 8, 8, 8, 2, 6, 6, 5, 5, 4, 4, 2, 2, 4, 4, 2, 2, 2, 2, 2, 2, 4, 0]
[37, 32, 28, 26, 23, 22, 17, 17, 16, 14, 13, 12, 9, 9, 8, 9, 4, 6, 5, 7, 6, 6, 6, 4, 4, 6, 4, 6, 8, 4, 6, 4, 6, 2, 6, 2, 4, 6, 4, 4, 4, 4, 4, 2, 4, 4, 4, 0]
[35, 30, 21, 18, 14, 14, 12, 12, 10, 8, 8, 10, 6, 6, 4, 6, 6, 4, 4, 4, 4, 0]
