[50.56666666666667, 43.4, 38.22666666666667, 35.20666666666666, 33.24, 30.386666666666667, 27.0, 24.54, 23.38, 22.44, 21.093333333333334, 19.346666666666668, 17.626666666666665, 18.286666666666665, 17.69333333333333, 17.126666666666665, 17.32, 16.233333333333334, 17.133333333333333, 16.726666666666667, 17.726666666666667, 18.086666666666666, 18.066666666666666, 17.506666666666668, 16.373333333333335, 16.7, 14.76, 14.633333333333333, 14.253333333333334, 14.333333333333334, 13.08, 14.133333333333333]
[51.38, 42.06666666666667, 37.93333333333333, 34.84, 32.16, 29.793333333333333, 27.26, 25.826666666666668, 24.186666666666667, 23.28, 20.746666666666666, 17.986666666666668, 17.333333333333332]
[51.81333333333333, 44.7, 40.446666666666665, 37.28, 34.08, 30.44, 27.453333333333333, 24.1, 21.12, 20.64, 20.346666666666668, 20.28, 20.28, 18.253333333333334, 18.133333333333333, 18.033333333333335, 18.18, 18.613333333333333, 17.573333333333334, 16.86, 17.24, 17.033333333333335, 16.666666666666668, 15.76, 15.593333333333334, 15.486666666666666, 15.02, 15.066666666666666, 14.813333333333333, 14.986666666666666, 15.48, 13.84, 12.846666666666666]
[51.29333333333334, 44.666666666666664, 40.586666666666666, 36.4, 33.14666666666667, 30.333333333333332, 28.366666666666667, 25.6, 24.566666666666666, 23.586666666666666, 22.24, 21.14666666666667, 20.16, 19.446666666666665, 18.12, 17.533333333333335, 17.573333333333334, 17.473333333333333, 17.886666666666667, 16.726666666666667, 16.826666666666668, 16.5, 15.92, 16.366666666666667, 15.526666666666667, 15.48, 14.513333333333334, 14.266666666666667, 14.326666666666666, 13.933333333333334, 13.18, 14.026666666666667, 13.926666666666666, 12.666666666666666, 12.573333333333334, 13.393333333333333, 13.526666666666667, 14.053333333333333, 14.286666666666667]
[51.3, 43.526666666666664, 38.3, 35.18, 31.68, 29.333333333333332, 27.906666666666666, 26.446666666666665, 24.946666666666665, 24.366666666666667, 24.68, 23.44, 22.613333333333333, 21.233333333333334, 19.826666666666668, 20.153333333333332, 19.38, 18.513333333333332, 18.14666666666667, 17.44, 17.073333333333334, 17.373333333333335, 17.02, 17.326666666666668, 15.846666666666666, 16.213333333333335, 16.153333333333332, 15.986666666666666, 15.393333333333333, 15.393333333333333, 15.686666666666667, 15.053333333333333, 14.213333333333333, 14.74, 14.713333333333333, 14.113333333333333, 13.4, 14.36, 14.44, 14.973333333333333, 15.26, 15.233333333333333, 16.19333333333333, 15.76, 16.4, 16.246666666666666, 16.346666666666668, 16.14666666666667, 15.22, 15.48, 17.053333333333335, 18.086666666666666, 17.786666666666665, 17.766666666666666, 16.366666666666667, 16.35333333333333, 16.26, 15.14, 14.733333333333333, 14.56, 15.66, 14.066666666666666, 13.873333333333333, 13.906666666666666, 14.56, 14.326666666666666]
[51.96666666666667, 44.12, 39.98, 36.14, 32.88, 30.133333333333333, 26.753333333333334, 23.8, 22.34, 21.233333333333334, 19.706666666666667, 17.64, 16.84, 16.486666666666668, 15.553333333333333, 15.02, 14.92, 15.42, 15.233333333333333, 15.0, 14.74]
[50.08, 42.72666666666667, 38.92, 34.49333333333333, 32.333333333333336, 29.64666666666667, 28.493333333333332, 26.153333333333332, 24.426666666666666, 22.69333333333333, 20.053333333333335, 18.846666666666668, 18.486666666666668, 17.873333333333335, 16.32, 15.9, 15.353333333333333, 14.973333333333333, 16.053333333333335, 15.98, 16.186666666666667, 16.293333333333333, 16.513333333333332, 16.58, 17.30666666666667, 16.153333333333332, 16.873333333333335, 15.933333333333334, 15.193333333333333, 13.933333333333334, 13.36, 14.113333333333333, 14.746666666666666, 15.526666666666667, 14.313333333333333, 13.933333333333334, 13.273333333333333, 12.32]
[51.94, 43.733333333333334, 39.626666666666665, 36.11333333333334, 32.973333333333336, 30.69333333333333, 28.80666666666667, 27.22, 25.346666666666668, 23.533333333333335, 23.3, 22.0, 20.486666666666668, 19.16, 18.426666666666666, 17.52, 17.76, 17.946666666666665, 17.293333333333333]
[52.6, 45.44, 40.46, 36.913333333333334, 33.24, 30.293333333333333, 27.46, 24.233333333333334, 21.966666666666665, 20.213333333333335, 20.12, 18.386666666666667, 18.02, 17.326666666666668, 16.96, 16.16, 15.78, 17.3, 16.426666666666666, 16.14666666666667, 15.746666666666666, 16.2, 15.046666666666667, 15.166666666666666, 14.666666666666666, 14.653333333333334, 15.14, 14.713333333333333, 13.946666666666667, 13.86, 13.793333333333333, 13.953333333333333, 14.02, 14.413333333333334, 14.786666666666667, 14.513333333333334, 14.586666666666666, 14.453333333333333, 14.773333333333333, 14.44, 14.66]
[51.03333333333333, 43.72, 40.0, 37.1, 34.24, 31.76, 30.366666666666667, 29.506666666666668, 27.7, 25.08, 24.14666666666667, 23.08, 21.633333333333333, 21.0, 21.34, 21.046666666666667, 20.213333333333335, 19.953333333333333, 19.96, 19.133333333333333, 18.546666666666667, 17.9, 17.38, 16.613333333333333, 15.3, 15.233333333333333, 15.766666666666667, 15.12, 15.34, 15.226666666666667, 15.346666666666666, 15.106666666666667, 15.106666666666667, 15.566666666666666, 16.346666666666668, 16.36, 16.673333333333332, 16.046666666666667, 15.633333333333333, 14.38, 15.1, 14.546666666666667, 13.653333333333334, 14.406666666666666, 14.233333333333333, 14.9]
[50.486666666666665, 42.82, 38.48, 34.24, 31.206666666666667, 28.26, 25.84, 24.773333333333333, 23.386666666666667, 21.98, 22.093333333333334, 20.993333333333332, 19.68, 18.04, 18.12, 17.46, 17.473333333333333, 17.333333333333332, 16.833333333333332, 16.08, 14.88]
[51.473333333333336, 43.233333333333334, 35.7, 31.26, 27.393333333333334, 25.386666666666667, 23.133333333333333, 22.2, 21.28, 21.2, 20.7, 19.866666666666667, 18.653333333333332, 18.24, 17.92, 17.466666666666665, 17.413333333333334, 17.66, 16.06, 14.846666666666666]
[51.17333333333333, 43.333333333333336, 38.92666666666667, 35.766666666666666, 32.4, 28.24, 26.966666666666665, 25.526666666666667, 23.613333333333333, 23.486666666666668, 21.7, 20.873333333333335, 20.42, 20.266666666666666, 19.106666666666666, 17.113333333333333, 17.1, 15.94, 16.173333333333332, 15.36, 15.22, 15.233333333333333]
[51.42, 44.406666666666666, 38.34, 33.92666666666667, 31.006666666666668, 25.46, 23.14, 22.32, 20.44, 19.3, 18.866666666666667, 17.846666666666668, 17.613333333333333, 15.966666666666667, 14.506666666666666, 15.006666666666666, 14.393333333333333]
[51.10666666666667, 44.733333333333334, 37.74, 32.94, 27.966666666666665, 25.386666666666667, 23.76, 21.733333333333334, 20.166666666666668, 18.88, 17.013333333333332, 15.446666666666667, 15.02, 14.26, 14.673333333333334, 14.053333333333333]
[51.64666666666667, 44.193333333333335, 40.44, 37.34, 35.153333333333336, 33.88, 31.66, 29.813333333333333, 28.153333333333332, 26.313333333333333, 24.593333333333334, 24.093333333333334, 23.04, 21.846666666666668, 20.766666666666666, 19.86, 19.35333333333333, 18.866666666666667, 18.44, 17.28, 16.98, 15.426666666666666, 15.28, 14.98, 15.16, 14.646666666666667, 14.666666666666666, 15.34, 15.106666666666667, 15.76, 15.306666666666667, 14.793333333333333, 14.786666666666667, 14.98, 14.44, 14.286666666666667]
[51.126666666666665, 42.64666666666667, 37.54666666666667, 34.306666666666665, 31.066666666666666, 28.133333333333333, 27.18, 24.793333333333333, 22.393333333333334, 21.1, 19.3, 18.066666666666666, 18.006666666666668, 17.56, 17.633333333333333, 17.28, 17.213333333333335, 16.98, 17.74, 16.333333333333332, 16.18, 16.06, 15.986666666666666, 16.533333333333335, 16.72, 16.993333333333332, 16.226666666666667, 15.346666666666666, 15.206666666666667, 15.5, 14.746666666666666, 13.58, 13.853333333333333, 14.22, 13.693333333333333, 13.96, 14.68, 14.493333333333334, 14.173333333333334]
[50.846666666666664, 44.20666666666666, 40.38, 36.9, 32.54666666666667, 28.486666666666668, 25.446666666666665, 23.166666666666668, 22.106666666666666, 21.66, 20.126666666666665, 18.953333333333333, 19.026666666666667, 18.72, 17.293333333333333, 18.793333333333333, 19.026666666666667, 18.94, 18.446666666666665, 17.833333333333332, 16.986666666666668, 16.733333333333334, 16.073333333333334, 15.633333333333333, 15.82, 15.6, 14.48, 14.46]
[51.233333333333334, 44.42666666666667, 39.45333333333333, 35.28666666666667, 31.85333333333333, 29.233333333333334, 27.033333333333335, 25.486666666666668, 24.013333333333332, 22.106666666666666, 21.286666666666665, 20.313333333333333, 19.746666666666666, 18.566666666666666, 17.96, 17.4, 17.006666666666668, 16.053333333333335, 16.206666666666667, 16.686666666666667, 16.073333333333334, 15.626666666666667, 16.173333333333332]
[51.45333333333333, 43.833333333333336, 39.38, 34.46, 30.733333333333334, 27.86, 25.313333333333333, 23.76, 22.073333333333334, 20.946666666666665, 21.066666666666666, 20.42, 19.813333333333333, 19.726666666666667, 18.14666666666667, 18.08, 17.886666666666667, 18.16, 17.866666666666667, 16.94, 17.1, 16.773333333333333, 17.053333333333335, 16.153333333333332, 15.18, 14.98, 14.706666666666667, 15.06, 14.253333333333334, 13.68, 13.48, 14.826666666666666, 15.5, 15.8, 14.306666666666667]
[51.58, 43.593333333333334, 38.81333333333333, 34.526666666666664, 30.766666666666666, 28.506666666666668, 26.273333333333333, 25.24, 23.04, 21.413333333333334, 19.473333333333333, 18.113333333333333, 17.013333333333332, 15.946666666666667, 15.493333333333334, 15.6, 14.973333333333333, 15.4]
[51.71333333333333, 44.89333333333333, 39.16, 35.29333333333334, 31.66, 28.886666666666667, 27.04, 25.38, 23.32, 22.80666666666667, 21.66, 22.36, 21.066666666666666, 21.62, 21.153333333333332, 20.34, 20.013333333333332, 20.573333333333334, 20.633333333333333, 20.48, 18.68, 16.946666666666665, 16.973333333333333, 16.16, 16.046666666666667, 16.466666666666665, 16.726666666666667, 16.30666666666667, 15.673333333333334, 15.786666666666667, 15.093333333333334, 15.153333333333334, 15.606666666666667, 14.193333333333333, 14.453333333333333, 14.18, 14.86, 15.126666666666667, 15.16, 14.693333333333333, 16.35333333333333, 14.853333333333333, 14.42, 14.146666666666667, 13.82, 14.526666666666667, 13.546666666666667, 14.133333333333333, 14.866666666666667, 14.426666666666666, 15.153333333333334, 14.866666666666667, 15.053333333333333, 14.02]
[51.913333333333334, 43.406666666666666, 39.36, 35.68666666666667, 32.406666666666666, 30.64, 28.82, 27.333333333333332, 26.466666666666665, 23.653333333333332, 22.626666666666665, 21.273333333333333, 20.32, 19.913333333333334, 18.393333333333334, 18.28]
[51.18666666666667, 45.53333333333333, 39.74, 33.67333333333333, 30.513333333333332, 29.433333333333334, 26.546666666666667, 25.18, 23.433333333333334, 21.786666666666665, 20.686666666666667, 20.233333333333334, 18.906666666666666, 18.826666666666668, 17.973333333333333, 17.833333333333332, 17.85333333333333, 16.493333333333332, 14.86, 15.366666666666667, 15.126666666666667, 14.073333333333334, 14.493333333333334]
[51.4, 44.08, 38.24, 34.34, 29.666666666666668, 27.786666666666665, 26.38, 24.953333333333333, 23.826666666666668, 23.333333333333332, 22.453333333333333, 20.706666666666667, 20.106666666666666, 19.386666666666667, 17.846666666666668, 17.19333333333333, 16.433333333333334, 14.686666666666667, 14.86, 14.573333333333334, 13.853333333333333, 14.253333333333334, 14.346666666666666, 13.54, 13.38]
[51.76, 44.79333333333334, 41.6, 36.85333333333333, 32.89333333333333, 29.946666666666665, 26.266666666666666, 23.573333333333334, 22.64666666666667, 21.4, 19.773333333333333, 19.446666666666665, 18.52, 17.62, 19.02, 18.813333333333333, 18.08, 16.713333333333335, 17.026666666666667, 17.12, 17.64666666666667, 15.893333333333333, 15.76, 16.166666666666668, 15.993333333333334, 14.806666666666667, 14.58, 15.026666666666667, 14.646666666666667, 13.586666666666666, 13.146666666666667]
[50.78666666666667, 42.36666666666667, 36.76, 33.12, 30.1, 28.066666666666666, 26.69333333333333, 25.12, 22.953333333333333, 21.453333333333333, 20.08, 18.19333333333333, 17.78, 17.813333333333333, 16.30666666666667, 15.466666666666667, 16.08, 16.626666666666665, 16.7, 16.273333333333333, 16.14, 14.82, 15.2, 15.306666666666667, 14.646666666666667, 14.213333333333333, 15.186666666666667, 15.14, 15.026666666666667, 15.026666666666667, 16.3, 16.46, 15.606666666666667, 15.006666666666666, 14.766666666666667, 13.926666666666666]
[51.34, 44.28666666666667, 38.94, 34.86, 31.18, 28.033333333333335, 26.58, 25.533333333333335, 23.4, 23.32, 22.186666666666667, 20.706666666666667, 19.9, 19.36, 19.826666666666668, 18.68, 17.68, 17.046666666666667, 16.126666666666665, 15.58, 14.84]
[50.66, 43.48, 36.986666666666665, 32.82666666666667, 29.466666666666665, 26.813333333333333, 24.173333333333332, 23.313333333333333, 21.653333333333332, 21.0, 20.413333333333334, 20.46, 19.713333333333335, 18.386666666666667, 17.733333333333334, 16.173333333333332, 15.493333333333334, 15.566666666666666, 15.44, 14.433333333333334, 14.293333333333333]
[50.86, 42.973333333333336, 38.67333333333333, 33.873333333333335, 31.82, 29.34, 26.9, 24.913333333333334, 25.12, 23.226666666666667, 21.466666666666665, 20.26, 19.19333333333333, 18.18, 17.506666666666668, 16.02, 15.446666666666667, 15.18, 14.093333333333334, 14.48, 14.026666666666667, 13.38, 12.666666666666666, 13.073333333333334, 13.693333333333333, 14.386666666666667]
[51.6, 42.94, 36.25333333333333, 32.38, 31.1, 28.533333333333335, 27.5, 26.266666666666666, 22.88, 20.026666666666667, 19.073333333333334, 18.98, 18.64, 17.66, 16.19333333333333, 15.326666666666666, 15.753333333333334, 16.22, 15.293333333333333, 15.626666666666667, 14.86, 14.833333333333334, 14.62, 14.173333333333334]
[50.8, 42.22, 37.233333333333334, 34.693333333333335, 31.813333333333333, 29.186666666666667, 25.313333333333333, 23.12, 21.74, 20.653333333333332, 19.893333333333334, 18.886666666666667, 17.073333333333334, 17.19333333333333, 17.073333333333334, 16.68, 17.093333333333334, 16.66, 16.393333333333334, 16.793333333333333, 16.626666666666665, 17.033333333333335, 17.946666666666665, 17.006666666666668, 15.94, 14.333333333333334, 14.8, 14.82, 14.36, 13.82, 14.42]
[50.88666666666666, 45.12, 41.12, 35.98, 31.72, 27.746666666666666, 26.386666666666667, 24.513333333333332, 23.54, 22.946666666666665, 22.3, 21.80666666666667, 19.666666666666668, 20.88, 19.386666666666667, 19.64666666666667, 18.12, 19.18, 17.893333333333334, 18.266666666666666, 17.88, 16.62, 15.28, 15.2, 14.993333333333334, 15.166666666666666, 15.166666666666666, 15.82, 15.733333333333333, 15.22, 15.32, 16.673333333333332, 16.533333333333335, 15.033333333333333, 14.286666666666667, 14.126666666666667, 13.913333333333334]
[50.9, 42.44, 36.32, 32.00666666666667, 28.773333333333333, 26.58, 24.493333333333332, 22.786666666666665, 21.833333333333332, 19.36, 17.233333333333334, 16.36, 16.586666666666666, 15.826666666666666, 15.28, 15.953333333333333, 15.56, 15.593333333333334, 16.473333333333333]
[50.74, 43.60666666666667, 38.52, 35.266666666666666, 31.64666666666667, 29.766666666666666, 28.133333333333333, 27.113333333333333, 26.68, 26.38, 25.413333333333334, 24.626666666666665, 24.086666666666666, 23.78, 23.233333333333334, 22.52, 21.6, 23.053333333333335, 22.69333333333333, 23.38, 22.326666666666668, 21.94, 20.206666666666667, 19.84, 18.886666666666667, 18.986666666666668, 19.28, 18.86, 18.386666666666667, 17.126666666666665, 16.666666666666668, 16.273333333333333, 15.813333333333333, 16.266666666666666, 16.206666666666667, 16.333333333333332, 16.073333333333334, 16.026666666666667, 15.713333333333333, 15.28, 15.293333333333333, 14.233333333333333]
[51.61333333333334, 43.25333333333333, 38.593333333333334, 34.38, 31.386666666666667, 29.62, 25.893333333333334, 23.026666666666667, 21.74, 19.313333333333333, 19.66, 19.506666666666668, 17.866666666666667, 16.56, 15.92, 15.706666666666667, 15.16, 15.486666666666666, 15.98, 15.366666666666667, 15.066666666666666, 14.853333333333333, 15.273333333333333, 14.833333333333334, 14.533333333333333, 14.613333333333333, 15.16, 15.533333333333333, 14.693333333333333, 14.826666666666666, 14.48, 13.98, 14.586666666666666, 14.053333333333333]
[50.98, 44.406666666666666, 39.92666666666667, 36.42666666666667, 31.786666666666665, 29.0, 24.626666666666665, 22.973333333333333, 21.713333333333335, 20.68, 20.333333333333332, 19.333333333333332, 18.226666666666667, 18.386666666666667, 18.386666666666667, 17.833333333333332, 16.9, 16.69333333333333, 15.86, 16.486666666666668, 15.866666666666667, 15.58, 15.293333333333333, 15.426666666666666, 15.36]
[50.553333333333335, 43.52, 38.486666666666665, 33.60666666666667, 31.046666666666667, 28.493333333333332, 26.66, 25.166666666666668, 24.053333333333335, 22.533333333333335, 20.793333333333333, 20.233333333333334, 19.64666666666667, 18.96, 18.64666666666667, 18.326666666666668, 18.906666666666666, 17.586666666666666, 17.006666666666668, 16.233333333333334, 15.8, 15.98, 15.426666666666666, 15.253333333333334, 14.986666666666666, 14.786666666666667, 13.88, 13.126666666666667, 12.786666666666667, 13.54, 13.873333333333333, 14.233333333333333]
[51.486666666666665, 44.18666666666667, 39.873333333333335, 36.28666666666667, 32.22666666666667, 30.68, 28.766666666666666, 27.86, 24.653333333333332, 23.14666666666667, 22.64666666666667, 22.14, 21.493333333333332, 21.3, 21.286666666666665, 19.793333333333333, 18.406666666666666, 17.893333333333334, 16.64666666666667, 17.446666666666665, 16.42, 16.28, 15.646666666666667, 15.54, 16.1, 15.833333333333334, 16.1, 15.753333333333334, 16.013333333333332, 16.926666666666666, 15.26, 15.36, 15.926666666666666, 15.74]
[51.07333333333333, 42.946666666666665, 38.32666666666667, 34.586666666666666, 31.08, 28.633333333333333, 26.66, 24.69333333333333, 22.633333333333333, 21.346666666666668, 20.446666666666665, 20.633333333333333, 19.666666666666668, 18.69333333333333, 18.046666666666667, 17.76, 17.766666666666666, 15.513333333333334, 15.826666666666666, 15.566666666666666, 14.666666666666666, 14.78, 15.846666666666666, 15.326666666666666, 14.606666666666667, 15.573333333333334, 15.646666666666667, 15.806666666666667, 15.166666666666666, 15.58, 15.04, 15.266666666666667, 14.473333333333333, 14.38, 14.246666666666666, 13.946666666666667, 13.06, 13.173333333333334, 13.673333333333334, 13.526666666666667, 14.226666666666667, 14.46, 14.58, 14.533333333333333, 13.8, 14.333333333333334, 14.233333333333333, 14.233333333333333, 13.986666666666666, 13.54, 13.126666666666667]
[51.333333333333336, 43.36, 36.413333333333334, 33.2, 31.093333333333334, 28.7, 27.113333333333333, 26.253333333333334, 25.18, 24.746666666666666, 22.986666666666668, 22.14666666666667, 21.72, 21.22, 20.28, 20.213333333333335, 19.906666666666666, 19.366666666666667, 18.553333333333335, 18.593333333333334, 17.906666666666666, 17.773333333333333, 16.446666666666665, 15.18, 15.54, 14.506666666666666, 14.46, 14.64, 15.54, 14.793333333333333, 13.66, 13.746666666666666, 13.38, 13.553333333333333, 13.08, 13.433333333333334, 13.946666666666667]
[51.873333333333335, 44.71333333333333, 39.07333333333333, 34.733333333333334, 32.013333333333335, 28.8, 26.553333333333335, 23.886666666666667, 21.413333333333334, 20.233333333333334, 19.54, 18.953333333333333, 17.84, 18.033333333333335, 17.446666666666665, 16.706666666666667, 15.826666666666666, 15.153333333333334, 14.84, 15.206666666666667, 14.286666666666667, 14.66, 15.586666666666666, 14.613333333333333, 14.16, 13.973333333333333, 14.926666666666666, 13.56]
[51.6, 43.38666666666666, 36.60666666666667, 30.6, 26.68, 24.3, 22.733333333333334, 22.30666666666667, 21.913333333333334, 20.826666666666668, 19.26, 18.406666666666666, 16.32, 15.26, 15.973333333333333, 15.08, 14.86, 15.5, 15.426666666666666, 14.92, 15.753333333333334, 15.68, 15.773333333333333, 16.113333333333333, 14.973333333333333, 15.273333333333333, 15.466666666666667, 15.5, 14.966666666666667, 15.273333333333333, 15.786666666666667]
[51.26, 44.14, 39.93333333333333, 36.233333333333334, 34.16, 31.85333333333333, 29.773333333333333, 27.846666666666668, 26.486666666666668, 24.413333333333334, 23.326666666666668, 22.586666666666666, 21.92, 21.42, 19.113333333333333, 18.246666666666666, 17.2, 17.273333333333333, 17.626666666666665, 16.54, 15.2, 14.213333333333333]
[51.693333333333335, 44.45333333333333, 39.99333333333333, 36.553333333333335, 34.22666666666667, 32.5, 31.186666666666667, 28.04, 26.886666666666667, 25.35333333333333, 23.226666666666667, 22.28, 21.426666666666666, 20.373333333333335, 19.393333333333334, 18.366666666666667, 17.42, 15.62, 14.906666666666666, 14.526666666666667, 14.22]
[50.94, 44.653333333333336, 39.473333333333336, 36.14666666666667, 31.86, 28.773333333333333, 26.08, 24.14, 22.786666666666665, 20.48, 18.773333333333333, 18.126666666666665, 18.16, 17.506666666666668, 17.173333333333332, 16.38, 16.14, 15.22, 15.726666666666667, 16.066666666666666, 15.42, 14.993333333333334, 14.4, 14.34]
[51.53333333333333, 45.166666666666664, 40.84, 37.07333333333333, 33.74, 30.54, 27.633333333333333, 24.613333333333333, 23.206666666666667, 21.846666666666668, 21.04, 20.506666666666668, 19.12, 18.966666666666665, 17.9, 17.046666666666667, 15.793333333333333, 15.4, 15.08, 14.98, 14.693333333333333, 14.246666666666666, 14.386666666666667, 14.453333333333333, 15.02]
[50.54, 41.07333333333333, 35.93333333333333, 32.82, 30.633333333333333, 28.533333333333335, 26.96, 24.893333333333334, 22.666666666666668, 20.926666666666666, 18.386666666666667, 18.473333333333333, 17.666666666666668, 17.19333333333333, 16.7, 16.3, 17.06, 16.2, 15.726666666666667, 15.406666666666666, 14.96, 14.833333333333334, 15.533333333333333, 14.76, 15.326666666666666, 15.32, 15.013333333333334, 15.086666666666666, 14.506666666666666, 14.1, 13.726666666666667, 14.253333333333334, 14.82, 14.513333333333334, 14.76, 14.206666666666667, 14.493333333333334, 14.693333333333333, 15.433333333333334, 15.52, 14.926666666666666, 14.62, 15.146666666666667, 14.273333333333333]
[51.266666666666666, 44.626666666666665, 39.94, 36.18, 33.0, 31.066666666666666, 28.08, 26.04, 25.12, 23.453333333333333, 22.953333333333333, 21.94, 21.473333333333333, 21.34, 21.12, 20.933333333333334, 21.30666666666667, 20.94, 19.706666666666667, 18.58, 17.253333333333334, 18.126666666666665, 16.726666666666667]
[51.946666666666665, 44.86666666666667, 39.3, 34.06666666666667, 31.773333333333333, 30.16, 27.86, 26.333333333333332, 26.073333333333334, 23.986666666666668, 22.19333333333333, 20.653333333333332, 19.34, 17.74, 16.78, 15.993333333333334, 15.926666666666666, 15.446666666666667, 15.646666666666667, 15.013333333333334, 14.646666666666667, 14.58]
[51.78666666666667, 44.093333333333334, 39.74, 36.34, 33.92666666666667, 31.933333333333334, 29.053333333333335, 26.033333333333335, 23.48, 21.96, 19.666666666666668, 18.18, 17.186666666666667, 16.273333333333333, 16.28, 16.18, 16.69333333333333, 15.273333333333333, 15.48, 15.106666666666667]
[51.126666666666665, 43.96666666666667, 39.14666666666667, 35.72, 33.00666666666667, 30.866666666666667, 27.35333333333333, 24.68, 23.586666666666666, 22.913333333333334, 21.42, 21.64, 20.433333333333334, 19.633333333333333, 18.106666666666666, 16.36, 15.513333333333334, 15.78, 15.806666666666667, 16.346666666666668, 15.38, 15.28, 15.58, 14.926666666666666, 16.393333333333334, 16.346666666666668, 16.02, 15.746666666666666, 14.6, 14.806666666666667]
[52.126666666666665, 43.766666666666666, 37.72666666666667, 34.54666666666667, 31.326666666666668, 28.766666666666666, 26.84, 24.98, 23.9, 21.88, 21.68, 21.713333333333335, 20.293333333333333, 19.513333333333332, 18.473333333333333, 17.746666666666666, 18.42, 18.366666666666667, 17.526666666666667, 16.453333333333333, 17.133333333333333, 16.94, 15.653333333333334, 14.253333333333334, 15.66, 15.66, 15.953333333333333, 15.833333333333334, 14.473333333333333, 14.08, 14.506666666666666, 14.06, 13.953333333333333, 13.233333333333333, 13.86, 13.473333333333333, 13.92]
[51.64, 44.3, 40.76, 36.513333333333335, 33.7, 31.253333333333334, 30.466666666666665, 28.053333333333335, 27.24, 25.726666666666667, 24.766666666666666, 22.493333333333332, 20.886666666666667, 19.726666666666667, 19.293333333333333, 18.713333333333335, 18.406666666666666, 17.893333333333334, 16.14666666666667, 14.986666666666666, 14.853333333333333, 14.973333333333333, 15.86, 15.493333333333334, 15.94, 14.246666666666666, 14.346666666666666, 14.266666666666667]
[51.08, 43.28666666666667, 38.906666666666666, 34.3, 31.32, 29.873333333333335, 28.7, 26.726666666666667, 25.42, 23.873333333333335, 21.546666666666667, 20.653333333333332, 19.8, 18.64, 18.286666666666665, 17.386666666666667, 16.293333333333333, 15.186666666666667, 16.3, 15.38, 13.88, 15.38, 15.153333333333334]
[50.79333333333334, 43.333333333333336, 37.85333333333333, 35.24, 32.34, 31.013333333333332, 27.873333333333335, 25.973333333333333, 24.133333333333333, 23.74, 21.96, 21.273333333333333, 20.673333333333332, 19.2, 17.52, 15.746666666666666, 15.293333333333333, 14.94, 14.153333333333334, 14.66, 15.44, 14.813333333333333, 15.433333333333334, 14.626666666666667, 14.326666666666666, 15.34, 14.193333333333333, 13.253333333333334, 14.306666666666667, 14.1]
[51.66, 43.92, 38.14666666666667, 32.4, 29.426666666666666, 27.873333333333335, 25.906666666666666, 23.833333333333332, 22.073333333333334, 21.326666666666668, 19.406666666666666, 17.726666666666667, 16.993333333333332, 16.16, 14.986666666666666, 15.326666666666666, 15.226666666666667, 14.9, 14.42, 13.733333333333333, 13.64, 13.96, 14.36, 15.806666666666667, 14.966666666666667]
[51.10666666666667, 42.84, 36.11333333333334, 32.75333333333333, 30.426666666666666, 28.22, 25.713333333333335, 24.106666666666666, 23.16, 20.713333333333335, 18.533333333333335, 17.786666666666665, 16.706666666666667, 15.94, 14.966666666666667, 13.7, 13.253333333333334, 14.62, 14.413333333333334, 14.74]
[50.733333333333334, 43.733333333333334, 38.03333333333333, 33.82666666666667, 29.98, 28.54, 25.906666666666666, 22.733333333333334, 20.886666666666667, 19.433333333333334, 18.26, 18.126666666666665, 18.19333333333333, 17.44, 16.64666666666667, 17.006666666666668, 17.506666666666668, 17.893333333333334, 17.246666666666666, 16.473333333333333, 16.333333333333332, 16.926666666666666, 16.42, 17.013333333333332, 16.8, 16.093333333333334, 15.76, 15.713333333333333, 15.526666666666667, 16.153333333333332, 14.666666666666666, 14.013333333333334, 14.113333333333333, 13.64, 14.446666666666667, 13.293333333333333, 13.226666666666667, 13.626666666666667, 13.906666666666666, 13.666666666666666, 14.493333333333334, 14.826666666666666, 14.453333333333333]
[51.50666666666667, 43.1, 37.82666666666667, 35.913333333333334, 33.22, 30.833333333333332, 29.446666666666665, 28.253333333333334, 25.86, 25.713333333333335, 24.433333333333334, 22.733333333333334, 21.35333333333333, 18.633333333333333, 17.46, 16.746666666666666, 16.986666666666668, 17.46, 16.473333333333333, 15.34, 15.006666666666666, 15.426666666666666, 15.946666666666667, 15.566666666666666, 15.433333333333334, 15.726666666666667, 15.826666666666666, 15.026666666666667, 16.02, 16.28, 16.626666666666665, 15.693333333333333, 16.713333333333335, 16.16, 15.113333333333333, 15.52, 14.84, 15.153333333333334, 14.0, 14.573333333333334, 14.986666666666666, 14.386666666666667, 14.266666666666667, 14.56, 14.9, 14.766666666666667, 15.886666666666667, 15.533333333333333, 15.166666666666666, 15.1, 13.653333333333334, 14.48, 14.48, 14.4, 14.273333333333333, 13.76, 13.493333333333334]
[51.9, 44.74, 39.11333333333334, 37.22666666666667, 34.14, 30.366666666666667, 27.56, 26.553333333333335, 25.913333333333334, 24.373333333333335, 23.966666666666665, 22.98, 21.633333333333333, 20.98, 20.3, 19.02, 18.506666666666668, 18.54, 18.16, 17.96, 17.373333333333335, 16.533333333333335, 16.553333333333335, 15.94, 15.853333333333333, 16.653333333333332, 16.913333333333334, 16.78, 16.053333333333335, 15.093333333333334, 15.18, 14.22, 14.186666666666667, 15.42, 15.4, 14.58, 14.673333333333334, 14.56, 15.093333333333334, 15.08, 14.666666666666666, 15.46, 15.126666666666667, 13.853333333333333, 14.106666666666667, 14.653333333333334, 13.433333333333334, 13.646666666666667, 14.113333333333333, 14.04, 14.773333333333333, 14.386666666666667, 14.84, 13.666666666666666, 13.633333333333333, 14.946666666666667, 15.093333333333334, 15.026666666666667, 15.286666666666667, 16.326666666666668, 15.24, 14.48]
[52.16, 44.95333333333333, 40.333333333333336, 36.06666666666667, 31.813333333333333, 28.893333333333334, 26.3, 25.126666666666665, 25.186666666666667, 24.92, 24.513333333333332, 22.773333333333333, 21.14, 20.0, 20.093333333333334, 19.06, 18.246666666666666, 16.633333333333333, 16.82, 16.16, 15.466666666666667, 15.546666666666667, 14.0, 14.02, 14.06, 14.66, 15.273333333333333, 14.926666666666666, 14.966666666666667, 13.986666666666666]
[50.76, 43.48, 39.2, 34.5, 31.053333333333335, 26.666666666666668, 24.066666666666666, 21.74, 20.506666666666668, 20.22, 18.28, 15.68, 15.46, 15.04, 14.613333333333333, 14.56, 14.786666666666667]
[51.026666666666664, 43.806666666666665, 39.54666666666667, 36.21333333333333, 33.013333333333335, 31.19333333333333, 27.773333333333333, 24.32, 22.453333333333333, 20.526666666666667, 20.186666666666667, 19.246666666666666, 19.28, 18.473333333333333, 18.466666666666665, 18.44, 18.98, 18.013333333333332, 18.053333333333335, 18.833333333333332, 18.42, 18.826666666666668, 18.02, 18.02, 18.406666666666666, 17.426666666666666, 16.873333333333335, 16.8, 17.886666666666667, 16.86, 16.14, 15.666666666666666, 15.32, 15.4, 14.773333333333333, 13.973333333333333, 14.586666666666666, 15.046666666666667, 14.766666666666667, 14.26]
[50.85333333333333, 42.52, 36.86, 32.60666666666667, 29.7, 27.673333333333332, 25.633333333333333, 23.7, 23.553333333333335, 22.746666666666666, 21.14, 20.873333333333335, 19.986666666666668, 18.7, 16.686666666666667, 15.226666666666667, 16.22, 15.226666666666667, 15.713333333333333, 14.666666666666666, 15.246666666666666, 13.72]
[51.22, 44.166666666666664, 38.846666666666664, 35.766666666666666, 34.1, 31.18, 28.953333333333333, 27.593333333333334, 24.72, 23.726666666666667, 21.56, 19.953333333333333, 18.16, 17.753333333333334, 17.013333333333332, 16.96, 17.48, 16.613333333333333, 17.066666666666666, 15.926666666666666, 14.766666666666667, 14.706666666666667, 14.893333333333333, 14.586666666666666, 14.16, 13.526666666666667, 12.5, 13.813333333333333, 13.3]
[50.71333333333333, 42.56, 38.053333333333335, 34.02, 30.34, 27.206666666666667, 25.04, 24.36, 22.19333333333333, 20.633333333333333, 20.233333333333334, 18.913333333333334, 18.473333333333333, 17.326666666666668, 15.913333333333334, 14.88, 14.706666666666667, 14.573333333333334, 15.006666666666666, 15.1, 15.486666666666666, 15.926666666666666, 15.7, 14.493333333333334, 13.746666666666666, 14.413333333333334, 15.073333333333334, 14.873333333333333, 14.286666666666667, 15.28, 15.706666666666667, 15.446666666666667, 15.186666666666667, 15.766666666666667, 14.426666666666666]
[50.94, 42.75333333333333, 38.04666666666667, 35.16, 32.36, 29.246666666666666, 26.44, 24.666666666666668, 23.12, 20.753333333333334, 20.526666666666667, 20.053333333333335, 20.30666666666667, 19.35333333333333, 19.006666666666668, 18.69333333333333, 17.966666666666665, 17.6, 16.573333333333334, 16.96, 15.213333333333333, 15.693333333333333]
[50.38, 42.913333333333334, 38.873333333333335, 35.666666666666664, 33.56666666666667, 30.886666666666667, 28.373333333333335, 26.446666666666665, 24.54, 22.68, 19.433333333333334, 18.19333333333333, 18.173333333333332, 16.4, 16.28, 15.806666666666667, 16.3, 16.54, 15.2, 14.533333333333333, 15.14, 14.113333333333333, 15.193333333333333, 14.96]
[51.626666666666665, 42.22666666666667, 37.29333333333334, 34.45333333333333, 32.06666666666667, 30.413333333333334, 28.36, 26.72, 25.58, 23.8, 23.52, 23.346666666666668, 23.393333333333334, 21.86, 21.3, 20.673333333333332, 20.3, 20.66, 19.273333333333333, 17.88, 15.646666666666667, 15.14, 16.18, 16.486666666666668, 16.166666666666668, 15.913333333333334, 14.733333333333333, 14.933333333333334, 15.246666666666666, 15.56, 15.4, 15.566666666666666, 15.513333333333334, 14.773333333333333]
[51.56666666666667, 43.7, 38.81333333333333, 35.38, 33.36666666666667, 30.673333333333332, 27.786666666666665, 25.186666666666667, 23.333333333333332, 21.686666666666667, 21.84, 20.24, 20.093333333333334, 19.80666666666667, 18.993333333333332, 19.253333333333334, 18.746666666666666, 18.30666666666667, 16.293333333333333, 15.886666666666667, 15.873333333333333, 14.606666666666667, 15.54, 16.066666666666666, 14.333333333333334, 14.293333333333333, 14.9, 15.166666666666666, 15.413333333333334, 14.533333333333333]
[51.04, 43.64666666666667, 39.18666666666667, 35.54, 32.10666666666667, 29.473333333333333, 27.66, 27.093333333333334, 26.033333333333335, 24.606666666666666, 23.026666666666667, 21.786666666666665, 21.22, 20.553333333333335, 20.333333333333332, 20.04, 19.433333333333334, 18.88, 18.64, 18.046666666666667, 16.993333333333332, 16.506666666666668, 16.36, 15.08, 14.653333333333334, 13.526666666666667, 13.833333333333334, 14.366666666666667, 14.853333333333333, 15.5, 14.466666666666667, 14.246666666666666, 14.493333333333334, 14.246666666666666, 14.14, 14.16, 14.92, 13.393333333333333, 13.286666666666667, 13.506666666666666, 14.406666666666666, 14.186666666666667, 13.886666666666667, 13.846666666666666, 13.866666666666667]
[50.62, 43.333333333333336, 39.75333333333333, 38.35333333333333, 34.93333333333333, 32.68666666666667, 30.253333333333334, 27.14, 25.746666666666666, 24.286666666666665, 23.526666666666667, 23.14, 22.34, 21.606666666666666, 21.093333333333334, 20.513333333333332, 20.453333333333333, 18.906666666666666, 18.1, 17.686666666666667, 17.04, 15.433333333333334, 15.06, 15.486666666666666, 14.853333333333333]
[51.21333333333333, 42.44, 35.92, 31.826666666666668, 28.253333333333334, 27.38, 25.48, 24.12, 22.58, 20.893333333333334, 19.533333333333335, 18.88, 18.346666666666668, 18.126666666666665, 17.906666666666666, 17.34, 16.506666666666668, 15.666666666666666, 15.206666666666667, 15.446666666666667, 15.28, 15.526666666666667, 15.286666666666667, 14.66, 14.826666666666666, 15.253333333333334, 15.093333333333334, 14.426666666666666, 14.68, 14.72, 14.526666666666667, 14.353333333333333, 13.486666666666666, 14.273333333333333]
[50.92, 42.39333333333333, 38.153333333333336, 34.946666666666665, 31.793333333333333, 30.273333333333333, 28.246666666666666, 25.966666666666665, 23.686666666666667, 22.346666666666668, 21.28, 20.066666666666666, 20.226666666666667, 18.813333333333333, 17.406666666666666, 16.386666666666667, 16.366666666666667, 15.546666666666667, 14.76, 15.313333333333333, 15.286666666666667, 13.693333333333333, 14.84, 14.82, 13.96, 14.526666666666667, 12.526666666666667, 13.486666666666666]
[51.27333333333333, 43.9, 38.67333333333333, 35.93333333333333, 33.20666666666666, 31.32, 30.393333333333334, 28.293333333333333, 27.333333333333332, 26.22, 25.2, 24.22, 23.926666666666666, 21.85333333333333, 20.726666666666667, 19.886666666666667, 19.573333333333334, 19.813333333333333, 19.933333333333334, 19.78, 19.653333333333332, 19.413333333333334, 18.286666666666665, 18.486666666666668, 18.44, 17.8, 17.993333333333332, 17.7, 17.96, 17.433333333333334]
[51.49333333333333, 44.946666666666665, 38.82, 33.68666666666667, 29.153333333333332, 25.753333333333334, 24.96, 24.726666666666667, 23.533333333333335, 23.3, 21.24, 20.4, 19.85333333333333, 18.253333333333334, 16.873333333333335, 15.506666666666666, 15.246666666666666, 14.986666666666666, 14.973333333333333, 15.506666666666666, 14.606666666666667, 13.313333333333333, 14.3, 14.68, 14.54]
[51.986666666666665, 45.446666666666665, 41.513333333333335, 36.733333333333334, 33.82, 31.72, 28.106666666666666, 24.913333333333334, 22.053333333333335, 20.28, 19.333333333333332, 19.02, 18.2, 18.16, 17.293333333333333, 17.593333333333334, 16.873333333333335, 15.846666666666666, 14.38, 13.846666666666666, 13.733333333333333, 14.226666666666667]
[51.22, 43.66, 39.32666666666667, 35.46, 31.213333333333335, 30.273333333333333, 28.493333333333332, 25.273333333333333, 23.32, 22.566666666666666, 22.3, 21.233333333333334, 20.773333333333333, 19.76, 19.513333333333332, 18.5, 16.846666666666668, 16.44, 15.546666666666667, 15.513333333333334, 15.353333333333333, 16.046666666666667, 15.5, 15.473333333333333]
[50.34, 42.526666666666664, 37.82, 34.74, 33.06, 31.18, 28.96, 27.54, 26.166666666666668, 24.073333333333334, 23.80666666666667, 22.813333333333333, 22.08, 21.28, 20.786666666666665, 19.19333333333333, 18.393333333333334, 18.2, 17.846666666666668, 16.36, 16.32, 15.16, 14.826666666666666, 15.893333333333333, 15.806666666666667, 14.586666666666666, 16.373333333333335, 16.066666666666666, 15.753333333333334, 15.706666666666667, 15.093333333333334]
[50.88666666666666, 42.68, 38.44, 34.44, 32.26, 30.473333333333333, 28.3, 27.173333333333332, 25.653333333333332, 23.033333333333335, 21.826666666666668, 19.026666666666667, 18.273333333333333, 18.0, 18.213333333333335, 16.72, 16.786666666666665, 16.966666666666665, 16.686666666666667, 16.746666666666666, 16.893333333333334, 15.92, 16.466666666666665, 16.62, 16.566666666666666, 16.566666666666666, 17.006666666666668, 16.826666666666668, 16.126666666666665, 15.2, 15.06, 15.366666666666667]
[50.46666666666667, 41.92, 37.31333333333333, 33.526666666666664, 30.893333333333334, 28.69333333333333, 26.1, 24.80666666666667, 23.42, 22.366666666666667, 20.46, 19.94, 19.3, 17.993333333333332, 17.173333333333332, 17.8, 17.12, 16.933333333333334, 15.633333333333333, 15.6, 15.426666666666666, 15.193333333333333]
[52.21333333333333, 46.72666666666667, 43.13333333333333, 39.013333333333335, 34.586666666666666, 31.78, 30.58, 29.126666666666665, 28.166666666666668, 27.233333333333334, 25.286666666666665, 23.406666666666666, 20.273333333333333, 18.52, 17.093333333333334, 17.22, 15.813333333333333, 15.18, 15.313333333333333, 14.473333333333333, 14.426666666666666, 13.72, 13.466666666666667]
[50.72, 43.46666666666667, 39.46666666666667, 36.07333333333333, 32.53333333333333, 30.073333333333334, 27.36, 24.113333333333333, 22.02, 20.52, 20.006666666666668, 19.653333333333332, 18.993333333333332, 18.713333333333335, 17.66, 17.933333333333334, 17.793333333333333, 17.14, 16.74, 15.86, 16.426666666666666, 16.52, 16.88, 17.14666666666667, 16.886666666666667, 17.326666666666668, 17.92, 18.166666666666668, 17.186666666666667, 17.453333333333333, 16.973333333333333, 17.16, 16.153333333333332, 16.153333333333332, 16.3, 15.846666666666666, 15.766666666666667, 15.733333333333333]
[51.053333333333335, 43.67333333333333, 38.50666666666667, 34.46, 31.973333333333333, 29.953333333333333, 27.366666666666667, 25.526666666666667, 23.533333333333335, 20.886666666666667, 20.033333333333335, 19.293333333333333, 19.746666666666666, 19.906666666666666, 18.6, 18.493333333333332, 16.46, 17.19333333333333, 17.373333333333335, 17.12, 16.426666666666666, 16.74, 14.173333333333334, 13.433333333333334, 14.413333333333334, 13.486666666666666, 14.94, 15.333333333333334, 14.273333333333333, 14.94, 14.846666666666666, 14.68, 14.673333333333334, 13.166666666666666, 13.066666666666666, 14.186666666666667, 14.046666666666667, 14.16, 14.226666666666667, 13.066666666666666, 13.553333333333333, 13.333333333333334, 13.92, 13.533333333333333, 14.12]
[51.486666666666665, 44.34, 39.79333333333334, 36.42666666666667, 33.02, 29.546666666666667, 28.18, 26.76, 26.253333333333334, 24.753333333333334, 24.053333333333335, 23.093333333333334, 22.82, 21.686666666666667, 20.446666666666665, 18.80666666666667, 17.666666666666668, 18.04, 16.82, 16.366666666666667, 15.766666666666667, 14.82, 15.053333333333333, 15.02, 14.74, 13.38, 13.36]
[51.27333333333333, 43.513333333333335, 38.806666666666665, 35.053333333333335, 32.31333333333333, 29.113333333333333, 27.26, 26.706666666666667, 26.046666666666667, 24.973333333333333, 23.42, 22.253333333333334, 22.133333333333333, 21.993333333333332, 20.166666666666668, 19.493333333333332, 17.64, 16.126666666666665, 15.506666666666666, 15.16, 14.286666666666667, 14.653333333333334, 14.14, 14.586666666666666, 15.04, 14.326666666666666, 14.52, 14.573333333333334, 14.926666666666666, 14.993333333333334]
[51.28, 42.846666666666664, 38.04, 31.98, 29.913333333333334, 28.213333333333335, 27.473333333333333, 26.14666666666667, 25.153333333333332, 23.086666666666666, 22.14666666666667, 21.826666666666668, 19.533333333333335, 19.72, 17.966666666666665, 15.88, 15.726666666666667, 15.08, 15.153333333333334, 15.246666666666666, 15.626666666666667, 14.433333333333334, 13.973333333333333, 13.54]
[50.986666666666665, 43.68666666666667, 39.8, 36.92, 32.76, 28.06, 25.666666666666668, 23.886666666666667, 22.566666666666666, 22.533333333333335, 22.573333333333334, 22.26, 21.526666666666667, 20.88, 21.266666666666666, 21.14666666666667, 21.34, 20.4, 18.54, 17.58, 16.3, 16.906666666666666, 15.94, 16.793333333333333, 16.19333333333333, 16.72, 17.02, 16.093333333333334, 15.306666666666667, 13.953333333333333, 14.08, 14.713333333333333]
[51.22666666666667, 43.63333333333333, 38.56, 34.56666666666667, 30.906666666666666, 29.133333333333333, 26.22, 23.286666666666665, 21.953333333333333, 19.786666666666665, 19.826666666666668, 19.86, 19.833333333333332, 20.84, 21.14, 19.826666666666668, 19.513333333333332, 18.286666666666665, 18.206666666666667, 16.313333333333333, 17.086666666666666, 15.866666666666667, 16.82, 15.646666666666667, 15.96, 14.886666666666667, 15.04, 14.993333333333334, 14.893333333333333, 15.193333333333333, 15.393333333333333, 15.146666666666667, 15.713333333333333, 16.026666666666667, 15.44, 15.573333333333334, 15.186666666666667, 15.68, 15.573333333333334, 15.36, 15.526666666666667, 14.666666666666666, 14.686666666666667, 13.833333333333334, 14.833333333333334, 14.266666666666667, 15.1, 15.466666666666667, 14.493333333333334, 15.653333333333334, 16.033333333333335, 15.293333333333333, 15.646666666666667, 15.12, 14.44, 15.22, 15.106666666666667, 15.1, 14.606666666666667, 15.406666666666666, 14.586666666666666]
[51.68666666666667, 42.526666666666664, 37.63333333333333, 33.093333333333334, 28.713333333333335, 26.3, 25.246666666666666, 23.313333333333333, 21.3, 18.993333333333332, 18.233333333333334, 17.6, 16.066666666666666, 14.84, 14.366666666666667]
[51.02, 42.406666666666666, 38.1, 33.333333333333336, 30.666666666666668, 28.186666666666667, 26.513333333333332, 25.013333333333332, 24.213333333333335, 22.733333333333334, 21.893333333333334, 21.906666666666666, 20.62, 19.666666666666668, 18.30666666666667, 17.546666666666667, 16.626666666666665, 17.12, 16.173333333333332, 13.706666666666667]
[50.52, 42.54666666666667, 37.153333333333336, 33.31333333333333, 30.68, 27.753333333333334, 25.733333333333334, 24.973333333333333, 24.153333333333332, 22.88, 20.86, 18.78, 18.366666666666667, 17.086666666666666, 16.753333333333334, 17.38, 16.473333333333333, 15.786666666666667, 16.326666666666668, 16.233333333333334, 16.413333333333334, 17.14, 17.006666666666668, 16.246666666666666]
[51.18666666666667, 43.24, 37.92666666666667, 34.28666666666667, 30.953333333333333, 29.28, 27.913333333333334, 26.48, 24.986666666666668, 23.553333333333335, 23.033333333333335, 20.98, 20.726666666666667, 20.293333333333333, 20.013333333333332, 19.62, 18.726666666666667, 17.753333333333334, 17.72, 17.08, 15.873333333333333]
[51.053333333333335, 43.44, 37.28, 34.36, 32.06, 29.346666666666668, 27.326666666666668, 26.2, 26.026666666666667, 25.34, 24.78, 22.886666666666667, 22.14666666666667, 22.273333333333333, 21.013333333333332, 20.346666666666668, 18.76, 18.86, 17.506666666666668, 17.14, 16.533333333333335, 16.513333333333332, 15.673333333333334, 15.8, 15.893333333333333, 15.34, 16.673333333333332, 16.573333333333334, 17.14, 18.28, 17.386666666666667, 16.946666666666665, 15.36, 14.606666666666667, 14.8, 14.24, 14.133333333333333, 13.993333333333334]
[50.84, 43.38666666666666, 39.10666666666667, 35.79333333333334, 32.82, 29.69333333333333, 27.66, 24.946666666666665, 22.32, 20.88, 19.413333333333334, 17.886666666666667, 15.546666666666667, 14.853333333333333, 12.926666666666666, 13.706666666666667, 14.28, 15.133333333333333, 16.206666666666667, 16.28, 15.733333333333333]
[50.99333333333333, 44.39333333333333, 39.86, 36.82666666666667, 34.29333333333334, 30.533333333333335, 27.92, 27.586666666666666, 26.773333333333333, 26.013333333333332, 25.913333333333334, 23.58, 23.14666666666667, 21.78, 20.953333333333333, 19.453333333333333, 19.24, 18.233333333333334, 17.38, 17.85333333333333, 17.64, 16.566666666666666, 15.866666666666667, 15.833333333333334, 16.12, 16.206666666666667, 16.506666666666668, 15.973333333333333, 15.773333333333333, 15.38, 15.493333333333334, 14.866666666666667, 14.166666666666666, 13.506666666666666, 14.026666666666667, 14.06, 14.32, 14.373333333333333, 15.12, 14.493333333333334, 13.52, 14.42, 14.806666666666667, 15.446666666666667, 15.586666666666666, 16.313333333333333, 14.893333333333333, 15.226666666666667, 15.973333333333333, 15.54, 14.58, 14.46, 14.606666666666667, 14.386666666666667]
[51.34, 44.88666666666666, 40.04, 36.54, 34.0, 31.066666666666666, 29.1, 26.1, 24.386666666666667, 22.88, 21.626666666666665, 20.013333333333332, 19.7, 19.52, 19.066666666666666, 17.46, 16.733333333333334, 17.453333333333333, 16.813333333333333, 16.24, 16.266666666666666, 16.66, 16.026666666666667, 15.633333333333333, 15.226666666666667, 14.573333333333334, 14.986666666666666, 14.546666666666667, 13.806666666666667, 13.44, 13.96, 14.433333333333334, 14.306666666666667, 14.026666666666667, 14.173333333333334]
[51.88, 43.78666666666667, 39.27333333333333, 35.92666666666667, 32.79333333333334, 31.266666666666666, 30.106666666666666, 28.333333333333332, 26.46, 24.64666666666667, 23.453333333333333, 22.753333333333334, 21.9, 21.566666666666666, 19.613333333333333, 18.686666666666667, 18.133333333333333, 18.28, 17.033333333333335, 17.253333333333334, 17.093333333333334, 17.026666666666667, 16.42, 15.113333333333333, 16.06, 16.1, 16.88, 16.673333333333332, 16.72, 16.766666666666666, 17.073333333333334, 17.346666666666668, 17.186666666666667, 15.506666666666666, 15.673333333333334, 15.486666666666666, 15.706666666666667, 16.226666666666667, 16.9, 16.726666666666667, 17.16, 16.953333333333333, 16.713333333333335, 15.806666666666667, 14.166666666666666, 14.646666666666667, 14.633333333333333, 14.333333333333334]
[52.04, 43.48, 38.093333333333334, 33.46666666666667, 29.453333333333333, 26.493333333333332, 24.746666666666666, 21.48, 20.80666666666667, 19.266666666666666, 18.80666666666667, 18.573333333333334, 18.46, 17.606666666666666, 17.04, 16.493333333333332, 15.92, 15.94, 16.48, 15.9, 15.28, 16.433333333333334]
