[32, 32, 32, 29, 28, 23, 21, 21, 21, 21, 20, 19, 15, 14, 13, 12, 12, 11, 11, 11, 11, 11, 11, 11, 9, 11, 11, 9, 9, 9, 9, 9, 9, 9, 7, 7, 7, 7, 7, 5, 5, 5, 7, 7, 7, 7, 7, 7, 5, 5, 5, 5, 5, 5, 5, 5, 5, 4, 4, 4, 5, 5, 4, 4, 5, 5, 5, 5, 5, 5, 5, 5, 5, 5, 4, 4, 5, 4, 5, 5, 5, 5, 5, 5, 5, 5, 5, 5, 5, 5, 4, 4, 4, 4, 4, 4, 4, 4, 4, 4, 4, 4, 4, 4, 4, 6, 4, 4, 4, 4, 4, 4, 4, 4, 4, 4, 4, 4, 4, 4, 4, 6, 6, 6, 6, 4, 4, 4, 4, 6, 5, 4, 4, 6, 6, 6, 6, 6, 4, 4, 6, 6, 6, 4, 4, 4, 4, 4, 4, 4, 3, 3, 4, 4, 4, 4, 4, 4, 4, 4, 4, 4, 4, 4, 4, 4, 4, 4, 4, 5, 5, 5, 4, 4, 4, 4, 4, 4, 4, 4, 4, 4, 4, 4, 6, 4, 6, 6, 6, 4, 4, 4, 4, 4, 4, 4, 4, 4, 2, 2, 2, 2, 2, 2, 2, 2, 2, 2, 2, 2, 0]
[33, 33, 28, 26, 23, 21, 19, 21, 20, 19, 17, 16, 16, 10, 12, 12, 10, 12, 12, 10, 8, 10, 8, 8, 10, 10, 9, 8, 8, 7, 7, 7, 6, 6, 8, 8, 4, 4, 4, 4, 4, 4, 6, 6, 6, 4, 4, 4, 6, 6, 6, 4, 4, 4, 4, 4, 4, 4, 4, 4, 4, 5, 4, 4, 6, 5, 4, 5, 4, 4, 4, 4, 4, 4, 4, 4, 4, 4, 4, 4, 4, 4, 4, 4, 4, 4, 4, 4, 4, 4, 4, 4, 5, 5, 4, 4, 4, 4, 4, 4, 2, 2, 2, 2, 2, 4, 2, 2, 2, 2, 2, 2, 2, 2, 2, 4, 2, 2, 2, 2, 2, 2, 2, 2, 2, 2, 2, 2, 2, 3, 3, 2, 2, 2, 3, 2, 2, 2, 2, 2, 2, 2, 3, 2, 2, 2, 2, 2, 2, 2, 2, 2, 3, 2, 2, 2, 2, 3, 2, 2, 2, 2, 2, 2, 2, 2, 2, 2, 2, 2, 2, 2, 2, 2, 2, 2, 2, 2, 2, 2, 2, 2, 2, 2, 2, 2, 2, 2, 2, 2, 2, 2, 2, 2, 2, 2, 2, 2, 2, 2, 2, 2, 2, 2, 2, 2, 2, 2, 2, 2, 2, 2, 3, 2, 2, 2, 3, 4, 4, 2, 2, 2, 2, 2, 2, 2, 2, 3, 2, 2, 2, 2, 2, 0]
[36, 36, 32, 33, 30, 27, 25, 25, 24, 24, 22, 22, 16, 16, 16, 16, 17, 14, 14, 13, 12, 11, 10, 10, 10, 9, 9, 9, 9, 6, 9, 6, 6, 6, 6, 4, 6, 6, 6, 6, 6, 6, 4, 4, 4, 4, 4, 6, 4, 4, 4, 4, 4, 2, 4, 2, 2, 2, 4, 4, 2, 4, 2, 2, 2, 2, 2, 4, 2, 2, 2, 2, 2, 2, 2, 2, 2, 2, 2, 2, 2, 2, 2, 2, 2, 2, 4, 2, 2, 2, 2, 2, 2, 2, 2, 2, 2, 2, 2, 2, 2, 2, 2, 2, 2, 2, 2, 2, 2, 2, 2, 2, 2, 2, 2, 2, 2, 2, 2, 2, 2, 2, 2, 2, 2, 2, 2, 2, 2, 2, 2, 2, 2, 2, 2, 2, 2, 2, 2, 2, 2, 2, 4, 3, 3, 2, 2, 0]
[37, 35, 32, 33, 31, 28, 21, 20, 20, 16, 16, 16, 15, 12, 12, 10, 8, 9, 9, 9, 9, 8, 8, 8, 6, 8, 8, 7, 6, 6, 6, 6, 6, 4, 6, 5, 4, 6, 4, 4, 4, 6, 6, 4, 4, 4, 4, 4, 4, 4, 4, 4, 4, 4, 4, 4, 4, 4, 4, 4, 4, 4, 4, 4, 4, 4, 4, 4, 4, 4, 2, 4, 2, 2, 2, 2, 2, 2, 2, 2, 2, 2, 2, 2, 2, 4, 4, 4, 2, 2, 4, 4, 4, 4, 4, 2, 2, 2, 2, 2, 2, 2, 4, 4, 4, 4, 4, 4, 4, 4, 2, 2, 4, 2, 4, 4, 4, 4, 4, 4, 5, 5, 4, 4, 4, 2, 2, 2, 2, 4, 4, 4, 4, 4, 4, 4, 4, 4, 4, 4, 4, 4, 4, 4, 4, 4, 4, 4, 4, 2, 2, 2, 4, 2, 4, 4, 4, 4, 2, 4, 4, 2, 4, 4, 2, 2, 2, 2, 2, 2, 2, 2, 2, 2, 2, 2, 2, 2, 2, 2, 2, 2, 2, 2, 4, 4, 2, 2, 2, 2, 2, 2, 2, 2, 2, 2, 2, 2, 2, 2, 2, 4, 2, 2, 2, 2, 2, 2, 2, 2, 2, 3, 2, 2, 0]
[38, 36, 32, 28, 25, 25, 23, 23, 22, 16, 16, 16, 16, 16, 13, 11, 11, 10, 10, 11, 6, 8, 6, 8, 6, 2, 2, 0]
[32, 32, 30, 31, 23, 24, 22, 20, 20, 19, 17, 17, 13, 14, 15, 11, 9, 10, 10, 7, 8, 8, 6, 4, 4, 5, 5, 0]
[33, 31, 26, 23, 18, 19, 19, 14, 14, 14, 13, 11, 11, 11, 9, 7, 7, 9, 7, 7, 7, 7, 7, 5, 6, 7, 4, 5, 4, 4, 5, 5, 6, 6, 6, 6, 6, 6, 7, 7, 6, 6, 6, 5, 6, 6, 6, 6, 4, 4, 4, 4, 4, 4, 4, 4, 4, 4, 4, 4, 4, 4, 4, 4, 4, 4, 4, 4, 6, 4, 2, 2, 2, 2, 4, 2, 2, 2, 2, 2, 2, 2, 4, 2, 2, 4, 2, 2, 2, 2, 4, 2, 4, 2, 2, 4, 4, 2, 4, 4, 4, 2, 4, 2, 2, 2, 2, 2, 2, 2, 4, 2, 2, 2, 2, 2, 4, 2, 4, 4, 2, 4, 4, 4, 2, 2, 2, 2, 2, 0]
[35, 33, 30, 24, 21, 17, 14, 11, 10, 9, 8, 9, 7, 5, 5, 5, 4, 4, 4, 4, 4, 4, 3, 3, 3, 3, 3, 3, 4, 0]
[36, 35, 29, 25, 25, 22, 22, 20, 19, 17, 12, 12, 12, 12, 14, 12, 10, 10, 9, 7, 7, 8, 8, 9, 7, 7, 5, 5, 5, 6, 6, 6, 4, 4, 4, 4, 4, 6, 6, 4, 4, 4, 4, 4, 4, 4, 4, 4, 4, 4, 4, 4, 4, 4, 4, 4, 4, 4, 2, 2, 2, 4, 4, 4, 4, 4, 4, 2, 4, 4, 2, 2, 2, 2, 2, 2, 2, 2, 2, 2, 2, 2, 2, 2, 2, 2, 2, 2, 2, 2, 2, 2, 2, 2, 2, 2, 2, 2, 2, 2, 2, 2, 2, 0]
[31, 32, 31, 26, 24, 23, 21, 17, 17, 12, 12, 12, 12, 12, 11, 8, 8, 6, 7, 6, 6, 4, 4, 4, 4, 2, 2, 4, 4, 4, 2, 2, 2, 2, 2, 2, 2, 2, 2, 2, 2, 2, 4, 4, 4, 2, 2, 2, 2, 2, 4, 4, 2, 2, 2, 2, 2, 2, 2, 2, 2, 0]
[37, 36, 31, 30, 25, 27, 26, 22, 17, 21, 17, 17, 15, 13, 11, 9, 9, 8, 8, 10, 8, 6, 4, 4, 4, 4, 4, 4, 4, 5, 4, 4, 4, 4, 2, 2, 6, 2, 2, 4, 2, 2, 2, 2, 2, 2, 2, 2, 2, 2, 2, 2, 2, 2, 2, 2, 2, 2, 2, 2, 2, 2, 2, 2, 2, 2, 2, 2, 2, 2, 2, 2, 2, 2, 2, 2, 2, 2, 2, 2, 2, 2, 2, 2, 2, 2, 2, 2, 2, 2, 2, 2, 2, 2, 2, 2, 2, 4, 4, 4, 4, 2, 2, 2, 2, 2, 2, 2, 2, 4, 2, 2, 2, 3, 2, 3, 4, 3, 3, 2, 2, 2, 3, 3, 3, 3, 4, 4, 4, 4, 2, 2, 2, 2, 2, 2, 2, 2, 2, 2, 2, 2, 2, 2, 0]
[36, 31, 32, 30, 28, 27, 27, 26, 21, 21, 20, 18, 18, 13, 13, 13, 13, 12, 12, 11, 10, 9, 11, 9, 9, 9, 9, 9, 9, 9, 10, 9, 8, 8, 6, 8, 4, 4, 8, 6, 6, 4, 4, 5, 2, 2, 2, 2, 2, 2, 2, 2, 2, 2, 2, 4, 2, 2, 2, 2, 2, 2, 2, 2, 2, 2, 2, 2, 2, 2, 4, 2, 2, 2, 2, 2, 2, 2, 2, 2, 0]
[36, 34, 30, 32, 29, 28, 27, 25, 22, 19, 17, 17, 15, 15, 15, 13, 11, 13, 13, 10, 8, 9, 8, 8, 8, 8, 6, 4, 5, 4, 4, 2, 2, 2, 2, 2, 2, 2, 2, 2, 2, 2, 2, 2, 2, 2, 4, 4, 4, 4, 2, 2, 4, 4, 2, 2, 2, 2, 2, 0]
[34, 35, 34, 32, 30, 28, 27, 23, 23, 21, 17, 17, 12, 16, 15, 14, 14, 12, 11, 11, 12, 12, 10, 10, 10, 10, 8, 6, 8, 8, 6, 4, 4, 4, 4, 4, 4, 4, 4, 2, 4, 4, 4, 4, 4, 2, 4, 4, 4, 4, 4, 4, 4, 4, 5, 4, 4, 2, 2, 2, 2, 2, 2, 2, 2, 2, 2, 2, 2, 2, 2, 2, 2, 2, 2, 2, 2, 2, 2, 2, 2, 2, 2, 2, 2, 2, 2, 2, 2, 4, 2, 2, 2, 2, 2, 2, 4, 4, 4, 4, 4, 4, 2, 2, 2, 2, 4, 4, 4, 3, 4, 2, 2, 2, 4, 4, 2, 2, 4, 2, 2, 2, 2, 2, 2, 2, 2, 2, 2, 2, 2, 2, 2, 2, 2, 2, 2, 2, 0]
[33, 31, 29, 23, 23, 27, 20, 20, 20, 16, 15, 13, 11, 11, 11, 8, 11, 8, 7, 9, 8, 8, 8, 8, 8, 7, 5, 6, 7, 6, 7, 7, 5, 4, 4, 4, 4, 4, 4, 4, 2, 5, 5, 5, 4, 5, 5, 4, 4, 5, 4, 4, 4, 2, 4, 2, 4, 4, 4, 0]
[36, 36, 31, 21, 26, 26, 25, 23, 23, 22, 21, 19, 17, 17, 16, 16, 15, 15, 15, 15, 15, 13, 12, 12, 11, 10, 9, 9, 9, 7, 7, 6, 6, 6, 6, 6, 6, 2, 4, 4, 2, 4, 4, 4, 4, 4, 4, 4, 4, 4, 4, 2, 2, 2, 2, 4, 2, 2, 4, 4, 4, 2, 2, 2, 4, 2, 2, 2, 4, 2, 2, 4, 2, 2, 2, 2, 2, 0]
[32, 33, 32, 25, 22, 22, 22, 20, 18, 17, 15, 15, 14, 14, 14, 14, 14, 13, 10, 10, 11, 9, 11, 9, 9, 9, 9, 9, 7, 8, 8, 8, 8, 6, 6, 6, 6, 6, 4, 4, 4, 4, 4, 4, 6, 4, 6, 4, 4, 4, 4, 4, 4, 4, 4, 4, 4, 4, 2, 2, 2, 4, 4, 6, 4, 4, 4, 4, 4, 4, 4, 2, 2, 2, 4, 2, 2, 2, 2, 2, 2, 2, 4, 2, 2, 2, 2, 2, 2, 2, 2, 2, 2, 4, 4, 2, 2, 2, 2, 2, 2, 2, 2, 4, 2, 2, 2, 2, 2, 2, 4, 2, 2, 2, 2, 0]
[34, 32, 32, 31, 25, 27, 23, 21, 20, 19, 19, 14, 13, 13, 14, 12, 11, 9, 8, 6, 8, 6, 6, 6, 4, 4, 4, 4, 4, 2, 2, 4, 2, 4, 4, 4, 2, 2, 2, 2, 0]
[35, 36, 30, 30, 29, 28, 25, 26, 22, 19, 21, 22, 21, 17, 17, 16, 17, 13, 13, 15, 13, 11, 9, 8, 8, 8, 8, 8, 9, 9, 6, 6, 6, 6, 6, 6, 6, 6, 8, 6, 6, 6, 6, 4, 4, 4, 2, 4, 4, 4, 2, 2, 4, 4, 2, 0]
[34, 30, 30, 29, 23, 23, 18, 18, 16, 15, 12, 12, 13, 13, 10, 9, 9, 10, 11, 11, 9, 9, 5, 7, 7, 5, 5, 5, 4, 4, 4, 2, 2, 2, 2, 2, 2, 4, 4, 2, 2, 2, 2, 4, 4, 2, 2, 2, 2, 2, 2, 0]
[35, 33, 32, 25, 25, 25, 21, 16, 17, 15, 13, 13, 14, 12, 11, 8, 8, 6, 6, 6, 6, 5, 4, 4, 4, 4, 4, 4, 4, 4, 6, 6, 2, 2, 4, 4, 6, 5, 5, 6, 6, 6, 4, 4, 4, 4, 4, 4, 4, 4, 4, 2, 2, 4, 4, 0]
[35, 33, 24, 24, 24, 22, 21, 17, 17, 17, 13, 13, 14, 13, 11, 11, 11, 9, 7, 6, 7, 7, 7, 7, 6, 7, 6, 8, 7, 7, 7, 4, 4, 4, 2, 2, 2, 2, 2, 2, 2, 2, 2, 2, 2, 2, 2, 2, 2, 2, 2, 2, 4, 4, 4, 2, 2, 2, 2, 4, 4, 4, 4, 4, 4, 2, 4, 4, 4, 4, 4, 4, 4, 4, 4, 2, 2, 2, 2, 4, 4, 2, 4, 2, 2, 2, 2, 2, 2, 2, 2, 2, 2, 2, 2, 2, 2, 2, 2, 2, 2, 2, 2, 2, 2, 2, 2, 2, 2, 2, 4, 2, 2, 2, 2, 2, 2, 2, 4, 4, 4, 2, 4, 2, 2, 4, 2, 0]
[33, 31, 30, 29, 28, 26, 26, 24, 24, 23, 22, 21, 20, 20, 19, 16, 16, 16, 16, 15, 14, 14, 14, 12, 12, 11, 12, 11, 10, 8, 8, 8, 9, 7, 8, 8, 8, 8, 8, 8, 8, 8, 6, 6, 6, 6, 6, 6, 6, 6, 6, 6, 6, 6, 6, 6, 6, 4, 4, 6, 6, 6, 6, 6, 6, 6, 7, 7, 4, 6, 6, 2, 2, 4, 4, 4, 2, 2, 2, 0]
[36, 32, 28, 28, 25, 24, 20, 20, 20, 19, 17, 17, 15, 15, 13, 13, 11, 9, 9, 11, 9, 9, 9, 9, 8, 7, 7, 7, 7, 7, 7, 5, 7, 5, 5, 6, 6, 7, 7, 6, 7, 7, 5, 5, 5, 5, 5, 4, 4, 4, 4, 2, 2, 2, 4, 2, 2, 2, 2, 2, 4, 2, 4, 2, 2, 2, 2, 2, 2, 2, 2, 2, 2, 2, 2, 4, 2, 2, 2, 2, 2, 2, 2, 2, 2, 2, 4, 4, 2, 2, 2, 2, 2, 2, 2, 4, 4, 4, 4, 4, 4, 4, 2, 4, 4, 4, 2, 4, 4, 4, 4, 2, 2, 2, 2, 2, 2, 2, 2, 2, 2, 2, 2, 2, 2, 4, 4, 4, 2, 4, 4, 2, 4, 2, 4, 2, 2, 2, 2, 2, 2, 2, 2, 2, 2, 4, 2, 2, 2, 2, 4, 2, 2, 2, 2, 2, 2, 2, 2, 2, 2, 2, 2, 2, 2, 2, 2, 2, 2, 2, 2, 2, 2, 2, 2, 4, 2, 2, 2, 0]
[35, 33, 25, 25, 25, 23, 23, 21, 21, 16, 16, 14, 14, 14, 13, 13, 9, 10, 10, 9, 11, 9, 9, 9, 9, 7, 9, 7, 8, 8, 8, 6, 6, 7, 6, 4, 6, 6, 6, 6, 6, 6, 6, 6, 4, 4, 4, 4, 4, 4, 4, 4, 4, 4, 4, 3, 2, 2, 2, 2, 2, 2, 2, 2, 2, 2, 2, 0]
[30, 31, 31, 29, 26, 25, 24, 24, 22, 20, 17, 17, 17, 14, 14, 13, 11, 12, 12, 13, 13, 11, 9, 9, 7, 7, 6, 7, 7, 5, 5, 5, 5, 4, 5, 4, 5, 4, 4, 4, 4, 4, 2, 4, 4, 2, 2, 2, 2, 2, 2, 2, 2, 2, 0]
[37, 36, 30, 33, 30, 27, 23, 23, 23, 21, 21, 19, 16, 14, 14, 12, 11, 10, 11, 11, 9, 9, 8, 8, 8, 8, 6, 6, 7, 7, 7, 7, 7, 7, 6, 6, 6, 4, 4, 4, 4, 6, 6, 6, 6, 4, 2, 3, 3, 2, 2, 2, 2, 2, 2, 2, 2, 2, 2, 2, 2, 3, 2, 3, 2, 2, 2, 2, 2, 2, 2, 2, 2, 2, 2, 2, 2, 2, 2, 2, 0]
[35, 33, 31, 29, 26, 25, 25, 21, 21, 19, 18, 17, 17, 15, 13, 12, 10, 12, 12, 10, 10, 9, 8, 9, 8, 5, 7, 7, 7, 7, 8, 9, 6, 8, 6, 6, 6, 6, 4, 4, 6, 6, 5, 5, 5, 4, 4, 6, 4, 4, 4, 6, 6, 6, 6, 4, 4, 4, 4, 4, 6, 4, 4, 2, 4, 2, 2, 2, 2, 4, 4, 2, 2, 2, 2, 2, 2, 2, 2, 2, 2, 2, 2, 2, 2, 2, 2, 2, 2, 2, 2, 2, 2, 2, 2, 2, 2, 2, 2, 2, 2, 2, 0]
[36, 31, 29, 26, 25, 23, 24, 20, 20, 20, 14, 15, 12, 12, 12, 12, 12, 11, 11, 10, 10, 9, 10, 9, 9, 9, 8, 8, 9, 9, 8, 9, 8, 6, 6, 6, 6, 5, 4, 4, 4, 4, 4, 4, 3, 2, 4, 2, 2, 4, 2, 2, 2, 2, 2, 2, 2, 2, 2, 2, 2, 2, 2, 2, 2, 2, 2, 2, 2, 2, 2, 0]
[39, 35, 33, 28, 29, 26, 26, 25, 24, 23, 22, 20, 19, 18, 17, 19, 13, 13, 13, 11, 11, 11, 11, 8, 8, 9, 7, 7, 7, 9, 5, 8, 8, 6, 4, 5, 6, 4, 4, 4, 4, 4, 4, 4, 2, 2, 2, 2, 2, 2, 2, 2, 2, 2, 2, 2, 2, 2, 2, 2, 2, 2, 2, 2, 2, 2, 2, 2, 2, 2, 2, 2, 0]
[36, 36, 33, 33, 29, 24, 24, 22, 22, 19, 19, 18, 18, 15, 12, 11, 11, 11, 9, 9, 5, 6, 9, 8, 9, 6, 7, 7, 4, 2, 2, 2, 2, 2, 2, 2, 2, 2, 2, 2, 2, 2, 2, 2, 2, 2, 2, 2, 0]
[34, 31, 30, 28, 23, 24, 22, 18, 20, 17, 16, 16, 11, 13, 12, 10, 12, 12, 10, 10, 11, 9, 9, 9, 11, 10, 10, 8, 8, 9, 8, 8, 4, 4, 4, 4, 4, 6, 4, 4, 4, 4, 4, 4, 4, 4, 4, 4, 4, 4, 4, 4, 4, 4, 6, 4, 4, 4, 4, 4, 4, 4, 4, 4, 4, 4, 4, 4, 4, 4, 5, 4, 4, 4, 4, 4, 4, 4, 4, 4, 4, 4, 4, 4, 4, 6, 4, 4, 4, 6, 4, 4, 4, 4, 4, 4, 4, 4, 4, 4, 4, 4, 4, 4, 4, 4, 4, 4, 4, 4, 4, 4, 4, 4, 4, 4, 4, 4, 4, 4, 4, 4, 4, 5, 4, 5, 5, 4, 5, 5, 4, 4, 4, 5, 5, 5, 5, 5, 4, 4, 4, 4, 5, 5, 5, 5, 4, 5, 5, 5, 4, 5, 5, 5, 6, 4, 4, 6, 7, 4, 4, 6, 5, 6, 6, 5, 5, 4, 6, 6, 6, 6, 4, 4, 4, 4, 4, 4, 4, 4, 4, 4, 4, 6, 4, 6, 4, 4, 4, 4, 4, 6, 4, 6, 6, 6, 6, 6, 5, 4, 4, 4, 4, 4, 5, 5, 4, 4, 4, 5, 5, 5, 6, 6, 6, 6, 5, 6, 6, 4, 4, 4, 4, 4, 4, 4, 4, 4, 4, 4, 4, 4, 4, 4, 4, 4, 4, 4, 4, 4, 4, 4, 4, 4, 6, 4, 4, 6, 4, 6, 4, 4, 4, 4, 4, 4, 4, 4, 4, 4, 4, 4, 4, 4, 4, 4, 6, 4, 4, 4, 4, 4, 4, 4, 4, 4, 4, 4, 4, 4, 4, 4, 4, 4, 4, 6, 6, 4, 4, 4, 4, 4, 4, 4, 4, 4, 4, 4, 4, 4, 4, 4, 4, 4, 4, 4, 4, 4, 4, 4, 2, 2, 2, 4, 2, 4, 4, 2, 4, 2, 4, 2, 2, 2, 4, 0]
[36, 36, 33, 30, 28, 26, 22, 22, 20, 19, 17, 17, 15, 16, 13, 13, 12, 12, 10, 12, 10, 12, 10, 8, 8, 8, 8, 8, 8, 8, 6, 6, 8, 6, 5, 4, 4, 4, 4, 4, 4, 4, 4, 5, 4, 4, 6, 4, 4, 4, 4, 4, 4, 4, 4, 4, 4, 4, 4, 4, 4, 4, 4, 4, 4, 4, 4, 4, 4, 4, 4, 4, 4, 4, 4, 4, 4, 4, 4, 4, 2, 2, 2, 2, 2, 4, 4, 2, 2, 2, 2, 2, 2, 2, 2, 2, 2, 4, 4, 2, 2, 4, 2, 2, 2, 2, 2, 2, 2, 2, 2, 2, 2, 2, 3, 2, 2, 2, 2, 2, 4, 2, 2, 2, 2, 2, 2, 2, 2, 2, 2, 2, 0]
[32, 33, 28, 25, 23, 22, 21, 22, 20, 14, 18, 16, 11, 11, 11, 11, 10, 9, 8, 8, 8, 8, 7, 7, 7, 7, 6, 6, 4, 4, 5, 6, 6, 4, 4, 4, 4, 4, 4, 5, 4, 4, 4, 4, 4, 4, 2, 4, 4, 4, 4, 4, 4, 4, 4, 4, 4, 4, 4, 4, 4, 4, 4, 5, 5, 4, 4, 4, 6, 6, 4, 4, 2, 2, 0]
[33, 34, 30, 27, 27, 26, 24, 23, 23, 17, 20, 19, 19, 18, 18, 17, 14, 16, 17, 14, 12, 10, 10, 8, 8, 8, 8, 8, 6, 6, 6, 6, 6, 8, 4, 4, 4, 4, 4, 4, 6, 6, 6, 2, 4, 4, 4, 4, 6, 4, 4, 4, 4, 4, 4, 4, 4, 4, 4, 4, 4, 2, 2, 2, 2, 2, 4, 4, 4, 4, 4, 2, 4, 4, 2, 2, 3, 2, 2, 2, 2, 2, 3, 2, 2, 2, 3, 2, 2, 3, 4, 2, 2, 2, 2, 2, 2, 2, 2, 2, 2, 2, 2, 2, 2, 2, 2, 2, 2, 2, 2, 2, 2, 2, 2, 2, 2, 2, 2, 2, 2, 2, 2, 2, 2, 4, 2, 4, 4, 4, 2, 2, 2, 2, 2, 2, 4, 4, 4, 2, 2, 2, 2, 4, 2, 4, 4, 4, 4, 4, 4, 4, 4, 4, 2, 4, 4, 4, 4, 2, 2, 2, 2, 2, 2, 2, 2, 2, 4, 4, 2, 4, 2, 2, 2, 2, 2, 2, 2, 2, 2, 2, 2, 2, 2, 2, 2, 2, 2, 2, 2, 2, 2, 2, 2, 2, 2, 2, 2, 2, 2, 2, 2, 2, 2, 2, 2, 2, 2, 2, 2, 2, 2, 2, 2, 2, 2, 2, 2, 2, 2, 2, 2, 2, 4, 2, 2, 2, 2, 2, 2, 2, 2, 2, 2, 2, 2, 2, 2, 2, 2, 2, 4, 2, 2, 2, 2, 3, 2, 4, 2, 4, 2, 2, 2, 2, 2, 2, 2, 2, 2, 2, 2, 3, 3, 2, 2, 2, 2, 2, 2, 2, 2, 2, 2, 2, 2, 2, 2, 2, 2, 4, 2, 2, 2, 2, 2, 2, 2, 2, 2, 2, 2, 2, 2, 2, 2, 2, 2, 2, 2, 2, 2, 2, 2, 2, 2, 2, 2, 2, 2, 2, 2, 2, 2, 2, 3, 2, 2, 2, 3, 3, 2, 3, 2, 2, 2, 2, 2, 2, 2, 2, 2, 2, 2, 2, 2, 2, 4, 4, 4, 2, 2, 2, 4, 2, 2, 2, 4, 2, 2, 2, 2, 2, 2, 2, 2, 2, 2, 2, 2, 2, 2, 2, 2, 2, 2, 2, 2, 2, 2, 2, 2, 2, 2, 2, 2, 2, 2, 2, 2, 2, 2, 2, 2, 2, 2, 2, 2, 2, 2, 2, 2, 4, 2, 2, 2, 2, 2, 2, 2, 2, 2, 2, 2, 4, 4, 4, 2, 2, 0]
[38, 34, 30, 24, 25, 22, 22, 21, 20, 15, 15, 15, 13, 15, 15, 13, 12, 12, 12, 11, 10, 10, 8, 8, 6, 9, 6, 8, 8, 7, 6, 6, 6, 6, 8, 6, 6, 6, 6, 6, 4, 4, 6, 6, 4, 6, 4, 6, 6, 6, 4, 4, 4, 4, 4, 4, 4, 4, 4, 4, 4, 4, 4, 2, 2, 2, 2, 2, 2, 2, 2, 4, 2, 2, 2, 2, 2, 4, 2, 2, 2, 2, 4, 2, 2, 2, 2, 2, 2, 2, 2, 0]
[35, 33, 33, 32, 29, 28, 26, 23, 21, 20, 17, 17, 17, 15, 11, 12, 12, 12, 10, 10, 8, 8, 8, 8, 6, 6, 6, 6, 4, 4, 4, 2, 2, 4, 4, 4, 4, 4, 4, 4, 2, 2, 2, 2, 2, 2, 2, 2, 2, 2, 2, 2, 2, 2, 2, 4, 2, 2, 2, 2, 2, 2, 2, 2, 2, 2, 2, 2, 0]
[38, 35, 34, 31, 29, 27, 24, 17, 17, 17, 18, 17, 16, 13, 11, 6, 6, 6, 6, 6, 6, 8, 6, 6, 6, 7, 8, 6, 6, 6, 6, 4, 4, 4, 6, 4, 4, 4, 4, 4, 4, 4, 4, 4, 4, 2, 4, 4, 4, 4, 4, 6, 2, 4, 4, 4, 4, 4, 4, 4, 2, 2, 4, 4, 4, 4, 4, 2, 4, 2, 2, 2, 2, 2, 4, 2, 2, 2, 2, 2, 2, 2, 2, 4, 2, 2, 2, 2, 2, 2, 2, 2, 2, 2, 2, 2, 0]
[35, 33, 28, 22, 21, 21, 20, 18, 14, 15, 14, 13, 12, 11, 11, 9, 10, 9, 9, 7, 7, 8, 5, 7, 6, 6, 4, 0]
[37, 31, 31, 29, 25, 21, 17, 17, 16, 16, 15, 13, 9, 9, 9, 9, 7, 9, 9, 7, 9, 9, 9, 9, 10, 9, 10, 7, 8, 6, 8, 8, 8, 8, 6, 8, 8, 8, 8, 8, 6, 8, 6, 6, 6, 6, 6, 6, 6, 6, 4, 4, 4, 4, 4, 4, 4, 4, 4, 4, 4, 4, 4, 4, 4, 4, 4, 6, 4, 4, 4, 4, 4, 4, 4, 4, 4, 4, 4, 4, 4, 4, 4, 4, 2, 2, 2, 2, 2, 2, 2, 2, 2, 4, 4, 4, 2, 2, 2, 2, 2, 2, 4, 4, 4, 2, 2, 2, 2, 4, 4, 4, 2, 2, 2, 4, 4, 4, 2, 2, 4, 2, 2, 2, 2, 2, 2, 2, 2, 4, 4, 2, 2, 2, 4, 4, 2, 2, 4, 2, 2, 2, 2, 2, 4, 2, 4, 2, 2, 2, 2, 2, 4, 2, 2, 2, 2, 2, 2, 2, 2, 2, 2, 2, 2, 2, 4, 2, 2, 2, 4, 4, 4, 4, 4, 4, 4, 4, 4, 4, 4, 5, 4, 4, 4, 2, 2, 2, 2, 4, 2, 4, 4, 4, 2, 4, 3, 2, 2, 2, 2, 2, 2, 2, 2, 2, 2, 2, 4, 2, 4, 4, 4, 2, 4, 4, 4, 2, 2, 2, 2, 2, 2, 2, 2, 2, 2, 2, 2, 2, 2, 2, 2, 2, 2, 2, 2, 2, 2, 2, 4, 2, 2, 2, 2, 2, 2, 2, 2, 2, 2, 2, 2, 2, 4, 2, 4, 4, 2, 2, 2, 2, 2, 2, 2, 2, 2, 2, 2, 2, 2, 2, 2, 2, 2, 2, 2, 2, 2, 2, 2, 4, 2, 2, 2, 2, 2, 2, 2, 2, 2, 2, 2, 2, 3, 3, 2, 3, 4, 3, 3, 3, 3, 3, 4, 3, 2, 4, 3, 3, 3, 4, 4, 4, 3, 3, 3, 3, 3, 3, 3, 2, 2, 2, 2, 2, 4, 4, 2, 4, 2, 2, 2, 2, 4, 4, 4, 2, 2, 2, 2, 4, 4, 2, 2, 2, 2, 2, 2, 2, 3, 2, 3, 2, 4, 4, 3, 4, 4, 4, 2, 2, 2, 2, 2, 2, 2, 2, 2, 2, 2, 2, 2, 2, 2, 2, 2, 2, 2, 2, 2, 2, 2, 2, 2, 2, 2, 2, 2, 2, 2, 2, 2, 2, 4, 2, 2, 2, 2, 2, 2, 2, 2, 2, 2, 2, 2, 2, 4, 2, 3, 4, 4, 4, 2, 3, 3, 3, 2, 2, 3, 3, 3, 2, 2, 2, 2, 2, 2, 2, 2, 2, 2, 2, 2, 4, 4, 4, 4, 4, 4, 5, 4, 5, 5, 2, 2, 4, 4, 2, 2, 2, 2, 2, 2, 2, 2, 2, 2, 4, 4, 2, 2, 2, 2, 2, 2, 2, 2, 2, 2, 4, 2, 2, 2, 4, 2, 2, 2, 4, 4, 2, 2, 2, 2, 2, 2, 2, 2, 2, 2, 2, 2, 2, 2, 2, 2, 2, 2, 2, 3, 2, 2, 2, 2, 2, 2, 2, 2, 2, 2, 2, 2, 2, 2, 2, 2, 2, 2, 2, 2, 2, 2, 2, 2, 2, 2, 2, 2, 2, 2, 2, 2, 2, 2, 2, 2, 2, 2, 2, 2, 4, 2, 2, 2, 2, 2, 2, 2, 2, 2, 2, 2, 2, 2, 2, 4, 2, 2, 3, 2, 2, 2, 2, 4, 4, 4, 4, 4, 4, 4, 2, 4, 2, 4, 4, 4, 2, 2, 2, 2, 2, 2, 2, 2, 2, 2, 2, 2, 2, 4, 4, 4, 4, 4, 4, 4, 2, 2, 2, 2, 2, 2, 2, 2, 2, 2, 2, 2, 2, 2, 2, 2, 2, 2, 2, 2, 2, 2, 2, 2, 2, 2, 2, 2, 2, 4, 2, 2, 2, 2, 2, 2, 2, 2, 4, 3, 3, 4, 4, 4, 4, 4, 4, 4, 4, 4, 4, 3, 2, 2, 2, 4, 2, 2, 2, 2, 2, 2, 2, 2, 2, 2, 2, 2, 2, 2, 2, 4, 4, 4, 4, 4, 2, 2, 2, 4, 2, 2, 2, 2, 4, 2, 2, 2, 2, 2, 2, 2, 2, 4, 2, 2, 2, 2, 2, 2, 2, 2, 2, 4, 2, 2, 2, 2, 2, 2, 2, 2, 2, 2, 4, 2, 2, 2, 4, 4, 4, 4, 2, 2, 2, 2, 4, 4, 4, 2, 2, 0]
[34, 32, 30, 26, 26, 21, 19, 14, 17, 16, 14, 14, 9, 9, 10, 8, 8, 8, 6, 7, 7, 8, 8, 8, 2, 4, 4, 4, 4, 4, 6, 4, 4, 6, 4, 4, 4, 4, 4, 4, 4, 4, 4, 2, 4, 4, 4, 4, 4, 4, 4, 4, 4, 2, 2, 2, 2, 2, 4, 4, 4, 2, 2, 2, 2, 2, 2, 4, 2, 2, 2, 4, 2, 4, 4, 2, 2, 2, 2, 2, 2, 2, 2, 2, 2, 2, 2, 2, 2, 2, 4, 2, 4, 2, 2, 2, 2, 2, 0]
[38, 32, 31, 31, 26, 21, 19, 19, 18, 14, 12, 12, 7, 7, 9, 7, 9, 7, 8, 7, 7, 5, 5, 5, 5, 3, 5, 4, 4, 4, 4, 4, 4, 6, 3, 3, 3, 2, 3, 3, 3, 3, 3, 3, 2, 2, 3, 2, 2, 2, 2, 2, 2, 2, 3, 3, 3, 3, 3, 2, 2, 2, 2, 2, 2, 2, 2, 2, 2, 2, 2, 2, 2, 2, 2, 2, 2, 2, 2, 2, 2, 2, 2, 2, 2, 2, 2, 2, 2, 4, 4, 4, 4, 4, 2, 2, 2, 2, 2, 4, 2, 0]
[33, 35, 30, 27, 22, 16, 17, 17, 13, 13, 10, 12, 12, 12, 12, 11, 11, 11, 11, 10, 10, 10, 8, 9, 9, 8, 7, 6, 6, 8, 7, 6, 6, 6, 6, 4, 4, 4, 6, 6, 4, 4, 6, 4, 2, 2, 4, 4, 4, 4, 4, 4, 6, 4, 4, 2, 4, 4, 4, 4, 4, 4, 6, 6, 6, 4, 4, 2, 2, 2, 2, 2, 2, 2, 2, 2, 2, 2, 2, 2, 2, 2, 2, 2, 2, 2, 2, 4, 2, 2, 2, 4, 4, 2, 2, 2, 2, 2, 4, 4, 2, 4, 2, 2, 4, 0]
[38, 37, 31, 28, 28, 28, 23, 23, 23, 19, 18, 16, 16, 16, 14, 12, 13, 10, 12, 10, 11, 10, 9, 9, 9, 9, 8, 9, 8, 8, 7, 6, 6, 6, 6, 6, 4, 4, 4, 2, 2, 2, 2, 4, 6, 4, 4, 4, 4, 4, 4, 4, 4, 4, 4, 4, 2, 2, 4, 4, 4, 4, 2, 2, 2, 2, 0]
[34, 32, 30, 28, 26, 24, 23, 21, 17, 16, 15, 13, 13, 10, 8, 8, 10, 8, 6, 7, 6, 7, 7, 7, 7, 7, 6, 6, 6, 6, 6, 6, 4, 6, 6, 4, 4, 4, 4, 4, 4, 4, 4, 4, 4, 4, 4, 4, 4, 4, 4, 4, 4, 4, 4, 4, 4, 4, 4, 4, 4, 4, 4, 4, 2, 4, 4, 4, 4, 4, 4, 4, 2, 4, 4, 4, 4, 4, 4, 2, 4, 4, 4, 4, 4, 2, 2, 2, 2, 2, 2, 2, 2, 2, 2, 2, 2, 2, 2, 2, 2, 4, 2, 2, 2, 2, 4, 2, 2, 4, 4, 2, 2, 2, 2, 2, 2, 2, 2, 2, 2, 2, 2, 2, 2, 2, 2, 2, 2, 4, 2, 2, 2, 2, 2, 2, 2, 2, 4, 2, 2, 2, 2, 2, 2, 2, 2, 2, 2, 2, 2, 2, 2, 2, 2, 2, 2, 2, 2, 2, 2, 2, 2, 2, 2, 2, 2, 2, 2, 2, 2, 2, 2, 2, 2, 2, 2, 2, 2, 2, 2, 2, 0]
[34, 33, 32, 30, 25, 25, 24, 22, 22, 15, 19, 18, 13, 14, 16, 15, 11, 11, 11, 11, 11, 9, 7, 9, 7, 7, 7, 7, 7, 5, 7, 6, 7, 7, 5, 5, 5, 3, 3, 3, 3, 2, 2, 2, 2, 2, 2, 2, 2, 2, 2, 2, 2, 2, 2, 2, 2, 2, 2, 2, 2, 2, 2, 2, 2, 2, 2, 2, 2, 2, 4, 2, 2, 2, 2, 2, 2, 2, 2, 2, 2, 2, 2, 2, 2, 2, 2, 2, 2, 2, 2, 2, 2, 0]
[39, 32, 31, 25, 25, 23, 19, 13, 13, 15, 12, 12, 11, 11, 11, 11, 7, 7, 7, 7, 5, 5, 5, 5, 5, 5, 5, 5, 5, 5, 5, 6, 6, 7, 7, 5, 5, 5, 5, 5, 5, 5, 5, 5, 5, 5, 5, 5, 5, 4, 5, 5, 5, 5, 5, 6, 5, 5, 7, 7, 7, 7, 7, 6, 6, 7, 7, 5, 6, 6, 6, 5, 5, 5, 5, 5, 5, 5, 5, 5, 5, 5, 5, 5, 5, 5, 5, 4, 4, 5, 5, 5, 5, 5, 5, 5, 5, 5, 5, 5, 5, 5, 5, 5, 5, 5, 5, 5, 5, 5, 5, 5, 5, 5, 5, 5, 5, 5, 5, 5, 5, 5, 5, 5, 5, 6, 5, 5, 4, 4, 6, 6, 7, 6, 4, 4, 4, 4, 4, 6, 6, 6, 6, 6, 6, 4, 6, 4, 4, 5, 6, 6, 6, 6, 6, 6, 4, 4, 6, 4, 4, 4, 6, 6, 6, 6, 4, 4, 4, 4, 6, 6, 4, 4, 4, 4, 6, 6, 4, 4, 4, 4, 4, 4, 4, 4, 4, 4, 4, 4, 4, 4, 4, 4, 4, 4, 4, 3, 3, 6, 4, 4, 4, 4, 4, 4, 4, 4, 4, 4, 4, 4, 4, 4, 4, 2, 2, 2, 2, 2, 2, 2, 2, 2, 2, 2, 2, 2, 2, 2, 2, 2, 2, 0]
[32, 33, 32, 28, 27, 23, 20, 20, 17, 15, 15, 14, 14, 14, 12, 12, 10, 10, 10, 9, 8, 9, 9, 8, 9, 9, 7, 7, 10, 5, 5, 5, 5, 5, 5, 5, 5, 5, 5, 5, 5, 5, 5, 5, 5, 5, 6, 6, 5, 5, 6, 6, 7, 5, 6, 6, 4, 4, 6, 6, 4, 4, 4, 4, 4, 4, 5, 4, 3, 4, 4, 4, 4, 2, 4, 4, 2, 2, 2, 2, 2, 2, 2, 2, 2, 2, 2, 2, 2, 0]
[32, 30, 27, 27, 23, 21, 21, 18, 18, 11, 11, 12, 10, 11, 11, 10, 10, 8, 9, 8, 8, 6, 7, 8, 8, 6, 8, 7, 5, 8, 8, 6, 4, 6, 6, 6, 6, 6, 6, 6, 6, 4, 5, 6, 6, 6, 4, 4, 4, 6, 4, 4, 4, 4, 4, 4, 4, 4, 4, 4, 4, 4, 4, 4, 4, 4, 2, 2, 4, 4, 2, 2, 2, 2, 2, 2, 2, 2, 2, 2, 2, 2, 2, 2, 2, 2, 4, 2, 2, 2, 2, 2, 2, 2, 2, 2, 2, 2, 2, 2, 2, 2, 2, 2, 2, 2, 2, 0]
[33, 33, 32, 30, 31, 23, 24, 24, 18, 19, 17, 15, 15, 14, 14, 13, 14, 10, 12, 11, 8, 8, 6, 7, 8, 7, 7, 8, 7, 7, 7, 6, 4, 4, 4, 4, 4, 4, 4, 2, 2, 2, 2, 2, 2, 2, 4, 4, 2, 4, 2, 2, 4, 4, 4, 2, 2, 2, 4, 4, 2, 2, 2, 2, 2, 2, 2, 2, 2, 2, 2, 2, 2, 2, 4, 2, 2, 0]
[35, 34, 31, 28, 27, 26, 24, 21, 20, 16, 18, 16, 16, 12, 9, 9, 10, 10, 10, 8, 8, 6, 4, 4, 6, 4, 4, 4, 4, 4, 4, 4, 4, 6, 2, 2, 2, 0]
[32, 30, 29, 29, 26, 26, 24, 22, 21, 20, 16, 16, 17, 12, 12, 14, 14, 14, 10, 10, 10, 8, 9, 8, 9, 8, 8, 8, 4, 4, 4, 4, 2, 2, 2, 2, 2, 2, 2, 4, 2, 4, 2, 2, 0]
[35, 33, 34, 31, 29, 27, 25, 24, 21, 19, 18, 11, 13, 13, 13, 13, 9, 9, 8, 9, 9, 9, 9, 9, 9, 9, 9, 8, 8, 8, 7, 6, 5, 6, 6, 6, 6, 6, 5, 6, 6, 6, 5, 6, 4, 6, 6, 6, 6, 4, 4, 4, 4, 4, 4, 4, 4, 4, 4, 4, 4, 4, 2, 2, 4, 6, 6, 6, 6, 6, 6, 6, 4, 4, 4, 4, 4, 2, 2, 4, 2, 2, 4, 4, 2, 2, 2, 4, 4, 4, 2, 4, 2, 2, 2, 2, 4, 2, 2, 2, 2, 2, 2, 2, 2, 2, 2, 2, 0]
[31, 32, 32, 30, 25, 25, 23, 20, 17, 16, 15, 15, 11, 11, 10, 11, 11, 11, 11, 10, 7, 7, 7, 7, 7, 7, 7, 7, 4, 4, 4, 7, 6, 6, 4, 4, 2, 4, 2, 0]
[36, 34, 30, 30, 28, 28, 24, 24, 21, 24, 23, 20, 18, 18, 18, 17, 16, 12, 12, 12, 10, 10, 10, 10, 10, 10, 10, 8, 9, 8, 8, 6, 6, 6, 6, 6, 5, 3, 2, 2, 2, 2, 2, 2, 2, 4, 2, 2, 2, 2, 4, 2, 2, 4, 4, 4, 2, 2, 2, 2, 2, 0]
[33, 33, 27, 26, 23, 22, 21, 19, 18, 13, 17, 17, 16, 16, 9, 9, 9, 9, 9, 9, 8, 8, 8, 8, 8, 6, 6, 6, 6, 6, 6, 7, 6, 6, 4, 6, 7, 7, 4, 4, 4, 6, 6, 6, 6, 6, 6, 6, 6, 5, 5, 6, 4, 4, 4, 4, 4, 4, 6, 4, 4, 4, 2, 2, 2, 2, 4, 2, 2, 2, 4, 2, 2, 2, 4, 4, 2, 2, 2, 2, 2, 3, 2, 3, 3, 3, 2, 2, 2, 2, 2, 2, 2, 2, 2, 2, 2, 2, 2, 2, 2, 2, 2, 2, 2, 2, 2, 2, 2, 2, 2, 2, 2, 2, 2, 2, 2, 2, 2, 2, 2, 3, 2, 2, 2, 2, 2, 2, 2, 2, 2, 2, 2, 2, 2, 2, 2, 0]
[34, 31, 31, 28, 27, 24, 25, 25, 24, 21, 16, 14, 15, 17, 12, 12, 12, 12, 10, 10, 8, 10, 9, 6, 9, 8, 7, 7, 7, 7, 7, 7, 6, 6, 6, 4, 4, 4, 4, 4, 4, 2, 2, 2, 4, 4, 2, 2, 2, 2, 4, 4, 4, 4, 4, 4, 4, 4, 4, 4, 4, 4, 4, 4, 4, 4, 4, 4, 4, 4, 4, 4, 5, 5, 4, 4, 4, 2, 2, 4, 2, 2, 2, 2, 2, 2, 2, 2, 2, 2, 2, 2, 2, 4, 4, 4, 4, 2, 2, 4, 4, 2, 4, 4, 4, 2, 2, 2, 4, 2, 2, 2, 2, 2, 0]
[38, 37, 33, 31, 30, 28, 25, 22, 22, 21, 19, 17, 17, 17, 17, 16, 15, 16, 15, 14, 14, 12, 13, 11, 6, 9, 10, 8, 8, 8, 8, 8, 8, 8, 8, 8, 6, 6, 7, 7, 7, 6, 6, 7, 7, 8, 8, 8, 6, 6, 6, 7, 8, 6, 6, 6, 6, 6, 5, 4, 4, 5, 5, 5, 5, 5, 5, 6, 7, 6, 6, 6, 6, 5, 5, 5, 5, 5, 5, 5, 4, 4, 4, 4, 4, 4, 4, 5, 6, 6, 4, 4, 4, 4, 6, 6, 6, 6, 4, 4, 4, 4, 4, 4, 4, 4, 4, 4, 4, 4, 4, 4, 4, 4, 4, 4, 4, 4, 4, 4, 4, 4, 4, 4, 4, 5, 4, 5, 4, 4, 6, 6, 4, 6, 4, 4, 5, 5, 4, 5, 5, 5, 7, 6, 6, 5, 5, 5, 5, 6, 6, 4, 4, 4, 4, 4, 4, 4, 4, 4, 4, 4, 4, 4, 4, 4, 4, 4, 4, 4, 4, 4, 2, 4, 4, 4, 2, 2, 2, 2, 4, 4, 4, 4, 4, 2, 4, 4, 2, 4, 0]
[35, 35, 33, 32, 24, 24, 20, 18, 18, 17, 17, 17, 15, 13, 13, 13, 13, 13, 11, 11, 11, 9, 9, 9, 11, 9, 9, 8, 9, 9, 10, 8, 9, 9, 8, 9, 7, 7, 5, 5, 5, 5, 5, 5, 6, 6, 6, 5, 6, 6, 6, 6, 6, 6, 5, 5, 4, 4, 4, 4, 4, 4, 5, 5, 4, 4, 4, 4, 4, 4, 4, 5, 6, 6, 6, 6, 6, 6, 4, 6, 4, 4, 4, 4, 4, 4, 4, 4, 4, 5, 6, 4, 4, 4, 4, 4, 4, 4, 4, 4, 4, 4, 4, 4, 4, 4, 4, 4, 4, 4, 4, 4, 4, 4, 4, 4, 4, 4, 4, 4, 4, 4, 4, 4, 4, 4, 4, 4, 4, 4, 5, 4, 4, 4, 4, 4, 4, 4, 4, 4, 4, 6, 4, 4, 4, 4, 4, 4, 4, 4, 4, 4, 4, 4, 5, 5, 4, 4, 4, 6, 4, 4, 4, 4, 4, 4, 4, 4, 4, 4, 4, 4, 4, 4, 4, 4, 4, 4, 4, 4, 4, 4, 4, 4, 4, 4, 4, 4, 4, 4, 4, 4, 4, 4, 4, 4, 4, 4, 4, 4, 6, 4, 4, 4, 4, 6, 6, 6, 4, 4, 5, 5, 5, 5, 5, 5, 5, 5, 4, 4, 5, 5, 5, 4, 5, 6, 5, 4, 4, 4, 4, 4, 4, 4, 4, 6, 7, 6, 5, 5, 5, 6, 6, 5, 4, 4, 4, 5, 5, 5, 5, 5, 5, 4, 6, 4, 5, 6, 6, 5, 5, 6, 4, 6, 4, 4, 6, 5, 5, 5, 4, 4, 4, 4, 4, 4, 4, 4, 4, 4, 4, 4, 4, 4, 4, 4, 4, 4, 2, 2, 2, 2, 2, 2, 2, 2, 2, 2, 2, 4, 2, 2, 2, 2, 2, 2, 2, 2, 2, 2, 2, 2, 2, 4, 2, 0]
[33, 32, 33, 23, 22, 21, 21, 16, 16, 14, 14, 15, 14, 14, 11, 9, 9, 10, 9, 9, 8, 8, 6, 4, 8, 6, 4, 4, 4, 4, 4, 4, 4, 4, 4, 2, 4, 2, 2, 2, 2, 2, 2, 2, 2, 0]
[38, 36, 35, 31, 26, 24, 26, 22, 21, 19, 20, 17, 15, 12, 12, 11, 10, 8, 6, 6, 6, 6, 4, 4, 4, 4, 4, 4, 4, 4, 4, 4, 4, 4, 6, 4, 4, 4, 4, 4, 4, 4, 4, 4, 0]
[35, 32, 30, 30, 28, 24, 23, 22, 19, 15, 15, 13, 13, 15, 14, 10, 10, 10, 10, 8, 8, 6, 6, 6, 4, 4, 6, 5, 4, 6, 6, 6, 6, 6, 5, 6, 6, 6, 6, 6, 7, 8, 5, 5, 5, 4, 4, 4, 5, 4, 4, 4, 2, 0]
[34, 30, 30, 29, 25, 21, 21, 18, 18, 18, 18, 15, 15, 15, 13, 10, 10, 11, 11, 8, 8, 8, 8, 8, 8, 8, 6, 7, 6, 6, 7, 5, 5, 4, 4, 4, 4, 4, 5, 5, 4, 5, 5, 5, 5, 5, 4, 4, 4, 5, 5, 6, 4, 4, 6, 6, 6, 6, 6, 6, 2, 2, 2, 2, 2, 4, 4, 4, 4, 4, 4, 2, 2, 4, 4, 4, 4, 2, 2, 4, 2, 2, 2, 2, 2, 2, 2, 2, 2, 4, 4, 4, 4, 4, 4, 4, 4, 2, 2, 4, 4, 2, 2, 2, 2, 2, 2, 2, 2, 2, 4, 4, 2, 5, 4, 2, 2, 2, 2, 2, 4, 4, 4, 3, 2, 2, 2, 4, 2, 2, 2, 2, 2, 2, 2, 2, 2, 2, 2, 2, 2, 2, 4, 4, 2, 2, 3, 2, 2, 3, 2, 2, 4, 2, 2, 2, 2, 2, 2, 2, 2, 2, 2, 2, 2, 2, 2, 2, 2, 2, 2, 4, 4, 4, 4, 4, 2, 2, 2, 2, 4, 4, 4, 4, 4, 4, 2, 2, 2, 4, 4, 4, 4, 4, 4, 4, 4, 4, 2, 2, 4, 4, 2, 2, 2, 2, 2, 2, 2, 2, 4, 4, 2, 2, 2, 2, 4, 4, 4, 4, 4, 4, 4, 2, 4, 4, 4, 4, 4, 4, 2, 4, 4, 4, 4, 4, 2, 2, 4, 2, 2, 2, 2, 2, 2, 2, 2, 2, 2, 2, 2, 2, 2, 2, 2, 2, 2, 2, 2, 2, 2, 2, 2, 2, 2, 2, 2, 2, 2, 2, 2, 2, 2, 2, 2, 2, 3, 3, 3, 4, 4, 4, 4, 4, 2, 4, 2, 4, 2, 2, 2, 2, 4, 6, 6, 4, 4, 4, 2, 2, 2, 2, 2, 2, 2, 4, 2, 2, 2, 2, 2, 2, 2, 2, 4, 2, 2, 4, 4, 4, 4, 2, 2, 4, 4, 4, 4, 2, 2, 4, 4, 2, 4, 4, 2, 2, 2, 2, 2, 2, 2, 2, 2, 2, 2, 2, 2, 2, 2, 2, 2, 2, 2, 4, 4, 4, 4, 2, 4, 4, 2, 2, 2, 2, 2, 2, 2, 2, 2, 2, 2, 2, 2, 2, 2, 2, 2, 2, 2, 2, 2, 2, 2, 2, 2, 2, 2, 2, 2, 2, 2, 2, 2, 2, 4, 2, 4, 4, 4, 2, 2, 2, 2, 2, 2, 2, 2, 2, 2, 2, 2, 2, 2, 3, 3, 2, 3, 4, 2, 2, 2, 2, 2, 2, 2, 2, 2, 2, 2, 2, 2, 2, 2, 2, 2, 2, 2, 2, 2, 2, 2, 2, 2, 2, 2, 2, 4, 2, 2, 2, 4, 4, 2, 4, 4, 4, 4, 2, 2, 2, 2, 2, 2, 2, 3, 2, 2, 2, 2, 2, 2, 2, 2, 2, 2, 2, 2, 2, 2, 4, 2, 2, 2, 2, 4, 2, 3, 4, 2, 2, 2, 2, 2, 2, 2, 2, 2, 2, 2, 2, 2, 2, 2, 2, 2, 2, 2, 2, 2, 4, 2, 2, 2, 2, 2, 2, 2, 2, 2, 2, 2, 2, 2, 2, 2, 2, 4, 2, 2, 2, 2, 2, 2, 2, 2, 2, 2, 2, 2, 2, 2, 2, 2, 2, 2, 4, 2, 2, 2, 2, 2, 2, 2, 2, 2, 2, 2, 2, 2, 2, 2, 2, 2, 2, 2, 2, 2, 4, 4, 2, 4, 2, 2, 4, 2, 2, 2, 2, 2, 2, 2, 2, 2, 3, 3, 2, 2, 2, 2, 2, 2, 2, 2, 2, 2, 3, 4, 3, 4, 2, 2, 5, 4, 4, 2, 4, 4, 4, 2, 2, 2, 4, 2, 2, 2, 2, 2, 2, 2, 2, 2, 2, 2, 4, 4, 2, 2, 2, 4, 2, 4, 2, 2, 4, 2, 2, 2, 2, 2, 2, 2, 4, 2, 4, 2, 3, 4, 4, 4, 4, 2, 2, 2, 4, 2, 2, 2, 2, 2, 2, 2, 2, 2, 2, 2, 2, 2, 2, 2, 2, 2, 2, 2, 2, 2, 2, 2, 2, 2, 2, 2, 2, 2, 2, 3, 3, 2, 2, 2, 2, 2, 2, 3, 3, 2, 2, 2, 2, 2, 2, 2, 2, 2, 2, 2, 2, 2, 2, 3, 2, 2, 2, 2, 2, 2, 2, 2, 4, 4, 2, 2, 2, 2, 2, 4, 2, 4, 2, 2, 2, 2, 2, 2, 4, 2, 2, 2, 2, 2, 2, 4, 2, 2, 2, 4, 2, 2, 2, 2, 2, 2, 2, 2, 2, 2, 2, 2, 2, 2, 4, 4, 3, 3, 4, 4, 3, 2, 3, 3, 3, 3, 3, 2, 2, 2, 2, 2, 2, 2, 2, 2, 2, 2, 2, 2, 2, 2, 2, 4, 5, 3, 3, 3, 3, 3, 3, 2, 3, 3, 3, 3, 3, 4, 3, 3, 3, 3, 3, 3, 2, 2, 3, 3, 3, 3, 3, 3, 3, 3, 3, 5, 3, 3, 3, 3, 3, 3, 3, 3, 3, 3, 3, 3, 3, 3, 3, 3, 3, 3, 3, 3, 3, 3, 4, 4, 3, 3, 4, 4, 4, 4, 2, 2, 2, 2, 2, 4, 4, 4, 2, 2, 2, 2, 2, 2, 2, 2, 2, 2, 2, 2, 2, 4, 4, 4, 2, 2, 2, 2, 2, 2, 2, 2, 4, 4, 4, 4, 2, 2, 2, 2, 2, 4, 2, 2, 2, 2, 2, 2, 4, 2, 2, 2, 2, 2, 2, 2, 2, 2, 2, 2, 2, 2, 2, 2, 2, 2, 2, 4, 2, 4, 2, 2, 2, 2, 2, 2, 2, 2, 2, 2, 2, 2, 2, 2, 2, 2, 2, 2, 4, 4, 2, 2, 2, 2, 2, 2, 2, 2, 4, 4, 4, 2, 4, 4, 4, 2, 2, 2, 2, 2, 2, 2, 2, 2, 2, 2, 2, 2, 2, 2, 4, 4, 2, 2, 2, 2, 2, 2, 4, 4, 4, 4, 2, 4, 2, 2, 4, 2, 2, 2, 2, 2, 2, 2, 2, 2, 2, 2, 2, 2, 2, 2, 2, 2, 2, 2, 2, 2, 2, 2, 2, 2, 2, 2, 2, 2, 2, 2, 2, 2, 2, 2, 2, 2, 2, 2, 2, 2, 2, 2, 2, 4, 2, 2, 4, 4, 2, 2, 2, 2, 2, 2, 2, 3, 2, 2, 2, 2, 4, 2, 2, 4, 4, 4, 2, 2, 2, 2, 2, 2, 0]
[39, 35, 29, 29, 29, 27, 17, 19, 19, 18, 20, 18, 17, 18, 14, 14, 15, 15, 15, 14, 14, 13, 11, 10, 9, 8, 9, 6, 6, 7, 4, 6, 6, 4, 4, 6, 6, 4, 4, 2, 4, 4, 4, 4, 4, 2, 4, 2, 4, 4, 4, 0]
[33, 35, 34, 29, 26, 23, 21, 19, 20, 17, 15, 11, 14, 13, 13, 13, 11, 11, 10, 9, 9, 8, 8, 6, 6, 6, 4, 4, 4, 4, 4, 4, 4, 4, 4, 4, 4, 4, 4, 4, 4, 4, 4, 4, 2, 4, 4, 4, 4, 4, 4, 4, 4, 2, 2, 2, 2, 2, 2, 2, 2, 2, 2, 2, 2, 4, 4, 2, 2, 2, 2, 2, 2, 2, 2, 2, 2, 4, 4, 2, 3, 4, 4, 4, 2, 2, 4, 4, 4, 4, 2, 2, 2, 4, 4, 2, 4, 4, 4, 4, 4, 4, 4, 4, 4, 4, 4, 4, 4, 4, 4, 4, 4, 4, 4, 0]
[36, 33, 33, 32, 31, 27, 25, 25, 21, 21, 21, 20, 17, 17, 17, 16, 13, 13, 11, 11, 12, 10, 10, 10, 8, 8, 8, 8, 8, 9, 9, 9, 8, 7, 5, 5, 5, 5, 5, 5, 3, 5, 3, 4, 3, 3, 4, 3, 3, 3, 3, 3, 3, 4, 4, 3, 3, 4, 4, 4, 4, 4, 4, 4, 2, 2, 4, 4, 4, 4, 4, 5, 4, 4, 2, 2, 2, 2, 2, 2, 2, 2, 2, 2, 4, 4, 2, 2, 2, 2, 2, 2, 2, 2, 4, 4, 4, 4, 2, 2, 2, 2, 2, 2, 2, 2, 2, 2, 2, 2, 2, 2, 2, 2, 2, 2, 2, 2, 2, 2, 2, 2, 2, 2, 2, 2, 2, 2, 2, 2, 2, 2, 2, 2, 2, 0]
[37, 37, 33, 32, 29, 29, 24, 25, 16, 16, 16, 17, 14, 16, 13, 13, 12, 13, 9, 9, 9, 9, 7, 7, 8, 7, 6, 6, 6, 6, 4, 6, 5, 5, 5, 4, 4, 2, 4, 2, 4, 3, 3, 2, 2, 2, 2, 2, 2, 3, 2, 2, 2, 2, 2, 2, 2, 2, 2, 2, 2, 2, 2, 2, 2, 2, 3, 2, 3, 3, 3, 2, 2, 2, 2, 2, 2, 2, 2, 2, 2, 2, 0]
[33, 33, 30, 29, 20, 15, 15, 12, 13, 13, 11, 11, 10, 8, 10, 8, 8, 8, 8, 6, 6, 6, 6, 4, 4, 2, 2, 2, 2, 4, 4, 4, 2, 2, 2, 2, 4, 2, 2, 2, 2, 2, 2, 2, 2, 2, 2, 2, 0]
[35, 31, 29, 27, 24, 20, 20, 19, 17, 15, 13, 13, 15, 13, 13, 13, 10, 10, 10, 10, 10, 8, 8, 8, 6, 5, 5, 7, 7, 8, 5, 6, 5, 5, 5, 7, 6, 5, 6, 6, 4, 4, 6, 6, 6, 5, 5, 5, 4, 6, 4, 4, 4, 4, 6, 4, 5, 2, 0]
[38, 36, 35, 34, 33, 28, 28, 25, 23, 23, 21, 19, 17, 15, 11, 13, 13, 12, 12, 10, 10, 10, 10, 9, 9, 9, 8, 8, 8, 9, 10, 9, 9, 8, 8, 8, 7, 7, 8, 8, 7, 7, 7, 7, 7, 7, 7, 5, 7, 7, 5, 7, 7, 7, 7, 6, 6, 3, 3, 3, 4, 4, 4, 5, 5, 5, 5, 5, 5, 5, 4, 2, 4, 6, 5, 6, 6, 4, 4, 4, 2, 4, 4, 4, 4, 2, 2, 2, 2, 2, 4, 4, 2, 2, 2, 2, 2, 2, 2, 2, 2, 2, 4, 2, 2, 2, 2, 2, 4, 4, 2, 2, 2, 2, 2, 2, 2, 4, 2, 2, 2, 4, 4, 4, 2, 2, 2, 4, 2, 2, 2, 2, 2, 2, 2, 2, 2, 2, 2, 2, 0]
[37, 37, 32, 23, 23, 23, 21, 22, 20, 16, 18, 16, 16, 16, 16, 15, 12, 10, 10, 10, 10, 9, 9, 9, 7, 7, 7, 7, 7, 7, 7, 7, 6, 4, 6, 7, 7, 6, 4, 4, 4, 4, 4, 4, 4, 4, 4, 4, 4, 4, 4, 4, 4, 4, 4, 4, 4, 4, 4, 4, 4, 4, 4, 2, 2, 2, 2, 4, 4, 4, 4, 4, 4, 4, 4, 4, 2, 4, 4, 4, 2, 4, 4, 2, 2, 2, 2, 2, 2, 4, 4, 6, 4, 2, 4, 4, 4, 2, 4, 4, 4, 2, 2, 2, 2, 2, 2, 2, 2, 2, 2, 2, 2, 2, 2, 2, 2, 2, 2, 2, 2, 2, 2, 2, 2, 2, 2, 2, 2, 2, 2, 2, 4, 2, 4, 2, 2, 2, 2, 2, 2, 2, 2, 2, 2, 2, 2, 2, 2, 4, 4, 2, 2, 2, 4, 2, 2, 2, 2, 2, 2, 2, 4, 2, 2, 2, 4, 4, 4, 4, 2, 2, 2, 2, 2, 2, 2, 2, 2, 4, 4, 4, 2, 2, 2, 2, 2, 2, 2, 2, 2, 2, 2, 2, 2, 2, 2, 2, 2, 2, 2, 4, 4, 4, 4, 4, 2, 2, 4, 2, 4, 4, 4, 5, 5, 3, 4, 4, 4, 2, 3, 2, 2, 3, 3, 3, 3, 3, 2, 3, 3, 2, 2, 2, 2, 2, 2, 2, 2, 2, 2, 2, 2, 2, 2, 2, 2, 2, 2, 4, 4, 2, 4, 2, 2, 4, 4, 4, 4, 4, 4, 2, 2, 2, 2, 2, 2, 2, 2, 2, 2, 2, 2, 2, 2, 2, 2, 2, 2, 2, 2, 2, 2, 2, 4, 2, 2, 2, 2, 3, 2, 2, 4, 4, 2, 2, 2, 3, 2, 2, 2, 3, 2, 3, 2, 3, 2, 2, 3, 2, 2, 2, 4, 2, 4, 4, 4, 2, 2, 2, 3, 4, 3, 3, 2, 2, 2, 2, 2, 2, 2, 2, 2, 2, 2, 4, 4, 2, 2, 2, 4, 4, 2, 2, 2, 2, 2, 2, 2, 2, 2, 2, 2, 2, 2, 2, 2, 2, 2, 4, 2, 2, 2, 2, 2, 2, 2, 2, 2, 2, 2, 2, 2, 2, 2, 2, 4, 2, 2, 2, 2, 2, 2, 2, 2, 2, 2, 2, 2, 2, 2, 2, 4, 2, 4, 4, 4, 4, 4, 2, 4, 2, 2, 2, 4, 4, 4, 4, 2, 2, 2, 4, 2, 4, 4, 2, 2, 2, 2, 2, 2, 2, 4, 4, 2, 2, 2, 2, 2, 2, 2, 3, 2, 2, 4, 4, 3, 4, 3, 3, 3, 3, 3, 2, 2, 3, 2, 2, 2, 2, 2, 2, 2, 2, 2, 2, 2, 2, 2, 2, 2, 2, 2, 2, 2, 2, 2, 2, 2, 2, 2, 2, 2, 2, 2, 2, 4, 4, 4, 4, 2, 2, 2, 2, 2, 2, 2, 2, 2, 2, 2, 2, 2, 2, 2, 2, 2, 2, 2, 2, 2, 2, 2, 2, 2, 2, 2, 2, 2, 2, 4, 4, 4, 4, 2, 2, 3, 3, 2, 2, 2, 2, 2, 2, 2, 2, 2, 2, 2, 2, 2, 2, 2, 2, 2, 2, 2, 2, 2, 2, 2, 2, 2, 2, 2, 2, 2, 2, 2, 2, 2, 2, 2, 4, 4, 2, 2, 2, 2, 2, 2, 2, 2, 2, 2, 2, 2, 2, 2, 2, 2, 2, 2, 2, 2, 2, 2, 2, 2, 2, 2, 2, 2, 2, 2, 2, 2, 2, 2, 2, 4, 4, 2, 2, 2, 2, 2, 2, 2, 2, 2, 4, 4, 2, 2, 2, 2, 2, 2, 2, 2, 2, 2, 2, 2, 4, 2, 4, 4, 4, 4, 4, 4, 2, 4, 4, 4, 4, 4, 4, 2, 4, 2, 4, 4, 4, 4, 4, 6, 4, 2, 2, 4, 2, 2, 2, 4, 2, 2, 2, 4, 2, 2, 2, 4, 2, 2, 2, 2, 2, 2, 2, 2, 2, 2, 2, 4, 2, 2, 2, 2, 2, 2, 2, 2, 2, 2, 2, 2, 3, 2, 2, 2, 2, 2, 2, 2, 2, 4, 2, 4, 2, 2, 2, 2, 2, 2, 4, 2, 2, 2, 2, 2, 2, 2, 2, 2, 2, 2, 2, 2, 2, 2, 2, 2, 2, 2, 2, 2, 2, 3, 4, 4, 2, 3, 4, 2, 4, 3, 2, 2, 4, 2, 2, 2, 2, 2, 2, 2, 2, 3, 3, 3, 2, 2, 2, 2, 2, 2, 2, 2, 2, 2, 2, 2, 2, 2, 2, 2, 2, 2, 2, 2, 2, 2, 2, 2, 2, 2, 2, 2, 2, 2, 2, 2, 2, 4, 4, 2, 4, 2, 2, 2, 2, 2, 2, 4, 2, 2, 2, 2, 2, 3, 2, 2, 2, 4, 2, 2, 4, 4, 2, 2, 2, 2, 2, 2, 2, 3, 3, 4, 2, 3, 2, 2, 2, 2, 3, 2, 3, 2, 2, 2, 2, 2, 2, 2, 2, 2, 2, 2, 2, 4, 4, 2, 4, 4, 2, 2, 2, 6, 4, 4, 4, 2, 2, 2, 2, 2, 2, 2, 2, 4, 4, 4, 4, 4, 4, 2, 2, 2, 2, 2, 4, 2, 2, 2, 2, 4, 2, 2, 2, 2, 2, 2, 2, 2, 2, 2, 2, 2, 2, 2, 2, 2, 2, 2, 2, 2, 2, 2, 2, 2, 2, 2, 2, 2, 2, 2, 2, 2, 2, 2, 2, 4, 4, 2, 2, 4, 2, 2, 2, 2, 2, 2, 2, 2, 2, 2, 2, 2, 2, 2, 2, 2, 2, 2, 2, 2, 2, 2, 2, 2, 2, 4, 4, 4, 3, 2, 2, 2, 2, 2, 2, 2, 4, 2, 2, 2, 2, 2, 2, 2, 2, 2, 2, 2, 2, 2, 2, 2, 2, 2, 2, 2, 2, 2, 2, 2, 2, 2, 2, 2, 2, 2, 4, 4, 4, 4, 2, 2, 2, 2, 2, 2, 2, 2, 2, 4, 4, 2, 4, 2, 2, 2, 2, 2, 2, 2, 2, 2, 2, 2, 2, 2, 2, 2, 2, 2, 2, 2, 4, 4, 4, 4, 4, 4, 4, 4, 4, 2, 4, 4, 2, 2, 2, 2, 2, 2, 2, 2, 2, 2, 2, 2, 2, 2, 4, 2, 2, 2, 2, 2, 2, 2, 2, 2, 2, 2, 2, 2, 2, 2, 2, 2, 2, 2, 2, 2, 2, 2, 2, 2, 2, 2, 2, 4, 2, 2, 2, 4, 4, 4, 4, 3, 4, 4, 4, 2, 2, 4, 4, 4, 2, 2, 2, 2, 2, 2, 2, 2, 2, 2, 2, 2, 2, 2, 2, 2, 2, 2, 2, 2, 2, 2, 2, 2, 2, 2, 2, 2, 2, 2, 2, 2, 2, 2, 2, 2, 2, 2, 2, 2, 2, 2, 2, 2, 2, 2, 2, 2, 2, 2, 2, 4, 4, 4, 6, 2, 2, 2, 2, 2, 4, 4, 4, 4, 4, 4, 4, 4, 6, 6, 4, 4, 4, 6, 6, 4, 4, 4, 4, 4, 4, 4, 4, 4, 4, 4, 4, 4, 4, 4, 4, 4, 4, 4, 4, 4, 4, 4, 4, 4, 4, 4, 4, 4, 4, 4, 4, 4, 4, 4, 4, 4, 4, 4, 4, 4, 4, 4, 4, 4, 4, 4, 4, 4, 4, 4, 4, 4, 4, 4, 4, 4, 4, 4, 4, 4, 4, 4, 4, 4, 4, 4, 4, 3, 4, 4, 4, 4, 4, 4, 4, 2, 2, 2, 2, 4, 4, 2, 4, 2, 2, 2, 2, 2, 2, 2, 2, 2, 2, 2, 2, 2, 2, 2, 2, 2, 2, 2, 2, 2, 2, 4, 2, 2, 2, 2, 2, 4, 4, 2, 4, 4, 4, 2, 2, 2, 2, 2, 2, 2, 2, 0]
[31, 31, 30, 27, 26, 24, 20, 19, 18, 17, 18, 15, 14, 13, 12, 11, 11, 10, 9, 8, 8, 8, 6, 6, 6, 7, 6, 8, 7, 7, 6, 6, 6, 6, 6, 6, 6, 6, 4, 4, 4, 4, 4, 4, 4, 5, 5, 5, 3, 4, 6, 4, 4, 4, 4, 4, 4, 4, 4, 4, 4, 4, 4, 4, 4, 6, 6, 6, 6, 4, 6, 4, 4, 4, 4, 4, 4, 4, 4, 4, 4, 2, 4, 2, 2, 0]
[31, 34, 33, 33, 26, 24, 26, 25, 21, 20, 21, 20, 15, 15, 13, 14, 8, 8, 8, 8, 10, 8, 7, 7, 7, 6, 6, 4, 4, 4, 5, 4, 4, 4, 4, 4, 4, 4, 4, 5, 4, 5, 4, 4, 4, 4, 4, 4, 5, 5, 6, 4, 2, 4, 4, 4, 4, 4, 4, 5, 4, 4, 4, 4, 4, 4, 4, 4, 4, 2, 2, 4, 2, 2, 2, 6, 4, 2, 2, 4, 4, 2, 2, 2, 2, 2, 2, 2, 2, 2, 2, 2, 2, 2, 2, 2, 2, 2, 4, 4, 2, 2, 2, 2, 2, 2, 2, 2, 2, 2, 2, 4, 4, 4, 4, 2, 2, 2, 2, 2, 2, 2, 2, 2, 2, 2, 2, 2, 2, 2, 2, 2, 2, 4, 2, 2, 4, 4, 2, 4, 4, 4, 2, 2, 2, 2, 2, 2, 2, 2, 2, 2, 2, 2, 2, 2, 2, 2, 2, 2, 2, 2, 2, 2, 2, 2, 2, 2, 3, 2, 4, 5, 4, 2, 2, 2, 2, 2, 2, 2, 2, 2, 2, 2, 2, 2, 2, 2, 2, 0]
[38, 37, 33, 28, 27, 25, 22, 22, 19, 17, 18, 16, 16, 14, 12, 12, 11, 11, 11, 11, 11, 11, 11, 11, 10, 10, 10, 9, 8, 9, 9, 9, 9, 9, 8, 9, 7, 7, 7, 7, 7, 6, 7, 7, 7, 6, 6, 7, 7, 7, 6, 6, 6, 6, 6, 6, 7, 4, 4, 4, 4, 4, 4, 4, 4, 4, 4, 4, 4, 4, 4, 4, 4, 4, 4, 4, 2, 6, 2, 2, 6, 2, 2, 2, 2, 2, 2, 2, 2, 2, 2, 2, 2, 2, 2, 2, 2, 2, 2, 2, 2, 2, 2, 2, 2, 2, 2, 2, 2, 0]
[33, 32, 31, 27, 26, 23, 22, 23, 18, 17, 15, 15, 14, 15, 13, 13, 13, 9, 13, 9, 7, 7, 7, 7, 7, 5, 4, 4, 2, 2, 2, 2, 3, 3, 2, 2, 3, 2, 0]
[36, 36, 33, 29, 27, 25, 26, 23, 16, 19, 19, 18, 15, 12, 8, 10, 10, 9, 8, 6, 8, 8, 6, 6, 6, 6, 6, 6, 6, 6, 6, 4, 6, 6, 6, 6, 6, 4, 4, 4, 4, 5, 6, 5, 4, 4, 4, 4, 4, 4, 4, 4, 2, 2, 2, 2, 0]
[34, 34, 31, 29, 28, 25, 23, 22, 14, 14, 15, 15, 15, 14, 15, 10, 10, 10, 11, 11, 5, 5, 5, 5, 4, 4, 5, 4, 4, 5, 4, 4, 4, 4, 4, 4, 4, 4, 4, 4, 4, 4, 4, 4, 4, 4, 4, 4, 2, 4, 4, 2, 3, 4, 2, 2, 4, 4, 4, 4, 2, 4, 2, 2, 2, 0]
[34, 33, 30, 30, 28, 26, 25, 22, 21, 21, 15, 11, 13, 13, 13, 7, 7, 6, 6, 10, 6, 6, 4, 4, 2, 2, 6, 6, 6, 4, 2, 2, 2, 2, 2, 2, 2, 2, 2, 2, 2, 2, 2, 2, 2, 2, 2, 2, 2, 2, 2, 2, 2, 2, 2, 2, 2, 2, 2, 2, 2, 2, 2, 2, 2, 2, 2, 2, 2, 2, 4, 2, 4, 4, 2, 2, 2, 2, 4, 2, 2, 2, 4, 4, 4, 4, 4, 4, 2, 2, 2, 2, 2, 2, 2, 0]
[29, 29, 28, 27, 24, 20, 19, 17, 17, 15, 16, 13, 13, 13, 13, 13, 11, 9, 11, 11, 10, 8, 8, 8, 6, 6, 6, 6, 6, 6, 6, 6, 4, 4, 2, 2, 2, 4, 4, 4, 6, 4, 6, 4, 2, 2, 2, 4, 4, 4, 4, 2, 2, 2, 0]
[32, 32, 29, 26, 24, 20, 20, 18, 18, 17, 14, 14, 12, 11, 11, 11, 7, 7, 9, 10, 7, 7, 7, 8, 6, 6, 6, 3, 3, 5, 6, 5, 6, 6, 4, 5, 5, 4, 4, 2, 4, 4, 4, 4, 4, 4, 4, 2, 2, 2, 4, 2, 2, 2, 2, 2, 2, 2, 2, 2, 2, 2, 2, 2, 2, 2, 2, 4, 4, 4, 4, 4, 2, 4, 2, 2, 2, 2, 2, 2, 2, 2, 2, 2, 2, 2, 2, 2, 2, 2, 0]
[32, 30, 30, 26, 26, 20, 20, 19, 15, 17, 17, 13, 12, 13, 12, 11, 9, 9, 9, 9, 7, 7, 7, 8, 8, 6, 6, 6, 6, 6, 6, 6, 6, 6, 6, 6, 6, 6, 4, 6, 6, 6, 4, 4, 4, 4, 4, 4, 2, 2, 3, 3, 2, 2, 2, 2, 2, 2, 2, 2, 2, 2, 2, 2, 2, 2, 2, 2, 2, 0]
[37, 32, 31, 28, 27, 23, 23, 20, 20, 15, 15, 13, 15, 13, 12, 11, 11, 11, 9, 8, 8, 6, 4, 4, 4, 4, 4, 4, 4, 4, 4, 4, 4, 4, 6, 6, 4, 4, 4, 4, 4, 4, 4, 4, 4, 4, 4, 4, 4, 4, 4, 6, 4, 4, 4, 2, 4, 2, 4, 4, 4, 2, 0]
[30, 30, 28, 28, 28, 27, 26, 22, 23, 21, 19, 19, 16, 16, 16, 15, 15, 15, 13, 12, 12, 10, 10, 9, 9, 9, 9, 9, 8, 8, 8, 8, 8, 6, 6, 8, 8, 8, 6, 6, 6, 8, 8, 6, 4, 6, 8, 8, 6, 6, 4, 6, 8, 8, 6, 6, 6, 6, 6, 6, 6, 6, 6, 6, 6, 6, 6, 6, 6, 4, 4, 4, 4, 4, 4, 4, 4, 4, 4, 4, 4, 4, 4, 4, 4, 4, 4, 4, 4, 4, 4, 4, 4, 4, 4, 4, 4, 4, 4, 4, 4, 4, 4, 4, 4, 2, 4, 4, 4, 4, 4, 4, 4, 4, 4, 4, 4, 4, 4, 4, 4, 4, 4, 4, 6, 6, 6, 6, 4, 4, 2, 2, 2, 2, 2, 2, 2, 2, 2, 2, 2, 2, 2, 2, 2, 2, 2, 2, 2, 2, 2, 2, 2, 4, 2, 2, 4, 4, 2, 2, 2, 2, 2, 2, 2, 2, 2, 2, 2, 2, 2, 2, 2, 2, 2, 2, 2, 2, 2, 2, 2, 2, 4, 2, 4, 2, 2, 2, 2, 2, 2, 4, 2, 2, 2, 2, 2, 2, 2, 2, 2, 2, 2, 2, 2, 2, 2, 2, 2, 2, 2, 2, 2, 3, 3, 3, 2, 2, 2, 2, 2, 2, 2, 2, 2, 2, 2, 2, 4, 6, 4, 2, 2, 2, 2, 2, 2, 2, 2, 2, 2, 2, 2, 2, 2, 0]
[37, 33, 33, 29, 28, 26, 21, 21, 17, 13, 14, 14, 14, 14, 14, 13, 12, 10, 11, 8, 8, 8, 8, 8, 8, 8, 6, 6, 6, 6, 6, 6, 7, 4, 2, 4, 2, 4, 4, 4, 5, 4, 4, 4, 2, 0]
[38, 33, 31, 30, 28, 26, 17, 17, 16, 16, 14, 10, 12, 10, 8, 8, 10, 12, 10, 10, 10, 10, 8, 9, 9, 6, 6, 6, 6, 6, 4, 4, 2, 4, 6, 6, 4, 4, 2, 2, 2, 2, 0]
[35, 38, 34, 30, 30, 29, 26, 25, 23, 18, 18, 16, 14, 14, 12, 13, 11, 9, 9, 9, 9, 9, 9, 9, 7, 6, 6, 6, 6, 6, 6, 4, 4, 4, 4, 4, 4, 6, 4, 4, 4, 4, 4, 4, 4, 2, 4, 4, 4, 4, 2, 2, 2, 2, 2, 2, 2, 2, 2, 2, 2, 2, 2, 2, 0]
[34, 33, 30, 28, 28, 24, 20, 18, 18, 14, 10, 10, 12, 11, 8, 8, 4, 4, 4, 4, 4, 4, 2, 4, 4, 4, 4, 4, 4, 4, 4, 4, 4, 4, 4, 4, 2, 4, 4, 4, 4, 2, 2, 2, 2, 4, 4, 2, 2, 2, 2, 2, 2, 2, 2, 2, 2, 2, 2, 2, 2, 2, 2, 2, 2, 2, 0]
[31, 28, 27, 25, 24, 21, 21, 21, 16, 15, 13, 11, 13, 12, 10, 10, 7, 8, 9, 9, 9, 9, 8, 7, 7, 7, 7, 7, 7, 7, 5, 5, 5, 6, 4, 6, 6, 6, 4, 4, 4, 4, 4, 4, 4, 4, 6, 6, 4, 4, 4, 4, 2, 4, 4, 4, 4, 4, 4, 2, 2, 2, 2, 2, 2, 2, 2, 2, 2, 2, 2, 2, 0]
[37, 36, 32, 28, 26, 25, 23, 22, 19, 19, 19, 19, 16, 15, 15, 14, 10, 13, 10, 10, 8, 8, 10, 6, 6, 6, 6, 6, 4, 4, 4, 6, 6, 4, 2, 2, 2, 2, 2, 2, 2, 2, 2, 2, 2, 2, 2, 2, 2, 2, 2, 2, 2, 2, 2, 2, 2, 2, 2, 2, 2, 2, 2, 2, 2, 2, 2, 2, 2, 2, 2, 2, 2, 2, 2, 2, 2, 2, 2, 2, 2, 2, 2, 2, 4, 2, 2, 2, 2, 2, 2, 2, 2, 3, 2, 2, 4, 2, 2, 2, 2, 4, 4, 4, 2, 4, 2, 2, 2, 4, 2, 2, 4, 2, 4, 2, 4, 6, 4, 4, 4, 4, 4, 2, 4, 4, 2, 2, 2, 4, 2, 2, 2, 4, 2, 4, 2, 2, 2, 2, 2, 4, 2, 2, 4, 2, 2, 2, 2, 4, 4, 2, 2, 2, 2, 2, 2, 2, 2, 2, 2, 2, 2, 2, 4, 2, 4, 2, 2, 4, 4, 4, 4, 2, 2, 2, 2, 2, 2, 2, 4, 4, 2, 2, 2, 2, 2, 2, 2, 2, 2, 4, 4, 2, 2, 2, 0]
[32, 34, 29, 30, 29, 28, 25, 24, 24, 23, 23, 21, 20, 19, 13, 12, 10, 10, 10, 9, 10, 9, 9, 9, 8, 10, 10, 10, 9, 7, 9, 4, 4, 4, 4, 4, 4, 4, 4, 4, 4, 4, 4, 2, 0]
[36, 30, 25, 22, 23, 24, 24, 20, 20, 18, 18, 15, 15, 14, 13, 12, 12, 9, 10, 9, 9, 9, 7, 5, 5, 5, 5, 5, 5, 5, 6, 4, 5, 4, 4, 4, 4, 5, 6, 4, 4, 4, 6, 5, 4, 4, 4, 4, 4, 4, 6, 4, 4, 4, 4, 4, 4, 4, 2, 4, 4, 2, 2, 4, 2, 2, 2, 2, 2, 2, 2, 4, 4, 4, 4, 4, 4, 4, 4, 4, 4, 4, 4, 4, 4, 4, 4, 4, 4, 4, 4, 4, 4, 4, 4, 4, 4, 2, 2, 2, 4, 4, 4, 2, 2, 2, 2, 2, 4, 4, 4, 4, 4, 2, 2, 2, 2, 2, 2, 2, 2, 2, 2, 2, 2, 2, 2, 2, 2, 2, 2, 2, 2, 2, 2, 2, 2, 2, 2, 2, 2, 2, 2, 2, 2, 2, 2, 2, 2, 2, 2, 2, 2, 2, 2, 2, 2, 2, 2, 2, 4, 4, 2, 2, 2, 2, 2, 2, 2, 2, 4, 2, 2, 2, 2, 4, 2, 2, 2, 2, 2, 4, 2, 2, 2, 2, 2, 4, 4, 2, 2, 2, 2, 4, 2, 2, 2, 2, 2, 2, 2, 2, 2, 2, 2, 2, 2, 4, 4, 2, 2, 2, 2, 2, 0]
[36, 33, 31, 27, 26, 24, 23, 21, 21, 19, 19, 17, 15, 15, 13, 14, 11, 12, 11, 9, 9, 9, 9, 9, 9, 9, 9, 9, 7, 9, 8, 7, 7, 7, 8, 7, 7, 7, 8, 8, 8, 7, 7, 7, 7, 7, 7, 7, 7, 7, 6, 6, 6, 6, 7, 7, 8, 8, 8, 9, 8, 8, 8, 5, 5, 6, 8, 8, 7, 7, 8, 5, 5, 5, 5, 5, 5, 4, 4, 4, 4, 4, 4, 4, 4, 4, 4, 4, 4, 4, 4, 4, 4, 4, 4, 4, 4, 4, 4, 4, 6, 4, 6, 6, 6, 6, 4, 4, 4, 4, 6, 4, 4, 4, 4, 4, 4, 4, 4, 6, 4, 6, 6, 6, 4, 4, 4, 6, 4, 4, 6, 4, 4, 4, 4, 4, 4, 4, 4, 4, 4, 4, 4, 4, 4, 4, 4, 4, 4, 4, 4, 4, 4, 4, 4, 4, 4, 4, 4, 4, 4, 4, 4, 4, 4, 4, 4, 4, 4, 4, 4, 4, 5, 4, 5, 5, 4, 4, 6, 4, 4, 4, 4, 4, 6, 4, 6, 4, 4, 4, 4, 4, 4, 4, 4, 4, 4, 4, 4, 4, 4, 4, 4, 4, 4, 4, 4, 4, 4, 4, 4, 4, 4, 6, 4, 6, 6, 6, 6, 4, 4, 4, 4, 6, 4, 4, 6, 4, 6, 6, 4, 6, 4, 4, 4, 4, 4, 4, 4, 4, 4, 4, 4, 4, 6, 6, 6, 4, 6, 6, 4, 4, 4, 4, 4, 4, 4, 4, 4, 5, 5, 5, 4, 5, 5, 4, 4, 4, 4, 4, 4, 4, 4, 4, 4, 2, 2, 2, 4, 4, 2, 2, 3, 3, 2, 2, 2, 4, 4, 2, 2, 4, 2, 0]
[31, 28, 28, 28, 26, 22, 22, 22, 22, 19, 15, 16, 13, 12, 12, 12, 10, 12, 9, 8, 9, 9, 9, 7, 7, 7, 6, 6, 6, 7, 6, 6, 6, 6, 5, 4, 4, 4, 4, 4, 4, 4, 4, 4, 5, 4, 4, 4, 4, 4, 4, 4, 4, 4, 4, 4, 2, 2, 2, 0]
[36, 35, 32, 29, 28, 24, 20, 22, 13, 13, 15, 15, 14, 13, 12, 11, 11, 12, 10, 12, 12, 8, 8, 8, 10, 10, 9, 6, 6, 6, 6, 6, 8, 8, 8, 6, 6, 6, 6, 6, 4, 4, 6, 4, 4, 4, 4, 4, 4, 4, 4, 4, 4, 4, 6, 4, 4, 4, 4, 4, 4, 4, 4, 4, 4, 4, 4, 4, 4, 4, 4, 4, 4, 4, 4, 4, 4, 4, 4, 4, 4, 4, 4, 4, 4, 4, 4, 4, 4, 4, 6, 4, 6, 4, 4, 4, 6, 4, 4, 4, 4, 4, 4, 4, 4, 4, 4, 4, 4, 2, 4, 4, 4, 4, 2, 2, 4, 2, 2, 2, 2, 2, 2, 2, 2, 2, 2, 2, 2, 2, 2, 2, 2, 2, 2, 2, 2, 2, 2, 2, 2, 2, 2, 2, 2, 2, 2, 2, 2, 2, 2, 2, 2, 2, 2, 4, 4, 4, 2, 4, 4, 4, 4, 4, 2, 4, 4, 4, 2, 2, 4, 4, 4, 4, 2, 2, 2, 2, 2, 2, 2, 2, 2, 2, 4, 2, 4, 2, 2, 2, 4, 2, 4, 2, 2, 2, 2, 2, 2, 2, 2, 2, 2, 2, 2, 2, 2, 2, 2, 2, 2, 2, 2, 2, 2, 2, 2, 2, 4, 2, 2, 2, 2, 2, 4, 2, 2, 2, 4, 2, 4, 2, 4, 4, 2, 2, 2, 2, 2, 4, 4, 4, 6, 6, 6, 4, 2, 2, 2, 2, 2, 2, 2, 4, 2, 2, 2, 2, 2, 4, 4, 4, 4, 2, 2, 4, 2, 4, 4, 4, 5, 2, 4, 4, 4, 4, 4, 4, 4, 2, 2, 0]
[29, 29, 30, 24, 24, 22, 20, 20, 18, 18, 18, 14, 12, 10, 10, 11, 10, 10, 7, 9, 7, 7, 7, 7, 7, 5, 5, 5, 5, 5, 3, 3, 3, 3, 4, 3, 3, 2, 2, 2, 2, 2, 2, 2, 2, 2, 2, 2, 4, 2, 3, 2, 4, 4, 2, 2, 2, 2, 4, 4, 4, 4, 4, 4, 2, 2, 2, 2, 2, 4, 2, 2, 2, 2, 2, 2, 2, 2, 2, 2, 2, 3, 4, 4, 2, 4, 4, 4, 4, 4, 4, 4, 3, 3, 4, 2, 2, 2, 2, 2, 2, 2, 2, 2, 2, 2, 2, 2, 2, 4, 2, 2, 2, 2, 2, 2, 2, 2, 2, 2, 2, 2, 2, 2, 2, 2, 2, 2, 2, 2, 2, 4, 4, 4, 4, 4, 4, 2, 4, 2, 2, 2, 2, 2, 2, 4, 2, 2, 4, 2, 4, 2, 4, 2, 2, 2, 2, 2, 2, 2, 2, 2, 2, 2, 2, 4, 6, 4, 4, 4, 2, 2, 4, 4, 4, 4, 4, 4, 2, 2, 2, 2, 2, 2, 2, 4, 2, 2, 4, 2, 2, 2, 2, 2, 2, 2, 2, 2, 2, 2, 2, 2, 2, 2, 2, 2, 2, 2, 2, 2, 2, 2, 2, 2, 2, 2, 2, 2, 2, 2, 2, 2, 2, 2, 2, 2, 2, 2, 2, 2, 2, 2, 2, 2, 2, 2, 2, 2, 2, 2, 2, 2, 2, 2, 2, 2, 2, 2, 2, 2, 2, 2, 2, 2, 2, 2, 4, 2, 2, 4, 4, 2, 2, 4, 4, 4, 2, 2, 2, 2, 2, 2, 2, 4, 4, 4, 4, 4, 4, 4, 2, 4, 2, 2, 2, 2, 2, 2, 4, 2, 4, 4, 2, 2, 2, 2, 2, 2, 0]
[38, 37, 35, 32, 29, 29, 29, 18, 21, 20, 16, 18, 18, 17, 17, 16, 15, 14, 14, 13, 11, 9, 12, 12, 11, 11, 7, 7, 7, 10, 10, 9, 7, 7, 7, 7, 7, 7, 7, 7, 7, 7, 7, 7, 7, 5, 5, 5, 7, 7, 5, 4, 4, 4, 4, 4, 4, 4, 4, 4, 4, 6, 6, 4, 4, 4, 6, 6, 6, 4, 2, 2, 2, 4, 4, 2, 2, 2, 2, 2, 2, 2, 2, 2, 2, 2, 2, 2, 2, 2, 2, 0]
[33, 30, 24, 23, 22, 20, 18, 16, 15, 15, 16, 14, 12, 12, 12, 11, 11, 9, 6, 6, 6, 2, 2, 2, 2, 2, 2, 4, 2, 2, 2, 2, 2, 2, 2, 2, 2, 2, 2, 2, 2, 2, 2, 2, 2, 2, 2, 2, 2, 2, 2, 4, 4, 2, 2, 2, 2, 2, 4, 4, 4, 4, 2, 2, 2, 2, 2, 2, 2, 2, 2, 2, 2, 2, 2, 2, 2, 2, 2, 2, 2, 2, 2, 2, 3, 3, 2, 2, 2, 2, 2, 2, 0]
[34, 30, 32, 29, 26, 24, 24, 23, 19, 21, 17, 17, 18, 16, 16, 15, 14, 14, 13, 10, 12, 12, 12, 10, 10, 8, 8, 8, 8, 8, 7, 7, 5, 7, 7, 4, 6, 5, 4, 4, 4, 4, 5, 5, 4, 5, 5, 6, 5, 5, 5, 4, 4, 4, 4, 4, 4, 4, 4, 4, 4, 4, 4, 5, 4, 4, 6, 4, 4, 4, 4, 6, 6, 4, 4, 4, 4, 4, 4, 4, 4, 4, 4, 4, 6, 4, 6, 6, 6, 4, 5, 4, 4, 4, 4, 4, 4, 4, 4, 4, 4, 4, 4, 4, 4, 4, 4, 4, 4, 4, 4, 4, 4, 4, 4, 4, 4, 6, 6, 4, 6, 6, 4, 4, 4, 6, 6, 6, 6, 6, 4, 4, 4, 4, 4, 2, 2, 2, 2, 2, 2, 2, 2, 2, 2, 2, 2, 2, 2, 2, 2, 2, 2, 2, 2, 2, 2, 4, 4, 2, 2, 4, 6, 6, 4, 4, 4, 4, 6, 4, 2, 2, 4, 4, 4, 2, 2, 2, 2, 2, 2, 2, 2, 2, 2, 2, 2, 2, 2, 4, 4, 4, 4, 2, 4, 4, 4, 4, 4, 2, 4, 4, 2, 2, 2, 2, 2, 2, 2, 4, 2, 2, 2, 2, 2, 2, 2, 4, 4, 4, 4, 4, 3, 3, 4, 3, 2, 4, 4, 4, 2, 3, 4, 3, 3, 3, 2, 2, 2, 2, 2, 0]
[36, 34, 30, 29, 27, 25, 25, 22, 19, 19, 19, 16, 14, 14, 14, 14, 14, 10, 12, 12, 12, 10, 8, 8, 8, 6, 4, 6, 6, 6, 6, 6, 6, 4, 4, 4, 2, 4, 4, 2, 4, 4, 4, 2, 2, 2, 2, 2, 2, 2, 4, 4, 4, 4, 3, 2, 2, 3, 2, 3, 2, 3, 3, 3, 3, 3, 4, 4, 2, 4, 4, 4, 2, 2, 2, 2, 2, 2, 2, 4, 4, 2, 4, 2, 4, 2, 2, 2, 2, 2, 2, 2, 2, 2, 2, 2, 2, 2, 2, 2, 2, 2, 2, 2, 2, 2, 2, 2, 2, 2, 4, 4, 2, 2, 2, 2, 2, 2, 2, 2, 2, 2, 2, 2, 2, 2, 2, 2, 2, 2, 2, 2, 2, 2, 2, 2, 2, 2, 2, 2, 2, 2, 2, 2, 2, 2, 2, 2, 2, 3, 2, 2, 2, 2, 2, 2, 2, 2, 2, 2, 2, 2, 2, 2, 2, 0]
[38, 36, 33, 29, 26, 23, 23, 23, 18, 15, 16, 13, 13, 11, 11, 6, 6, 6, 6, 6, 6, 6, 4, 4, 4, 4, 4, 4, 4, 4, 4, 4, 4, 4, 4, 4, 4, 4, 4, 4, 4, 4, 4, 4, 4, 4, 4, 4, 4, 4, 4, 4, 4, 4, 4, 4, 4, 4, 4, 4, 6, 4, 4, 5, 4, 5, 4, 4, 4, 4, 4, 4, 5, 5, 5, 4, 2, 4, 4, 0]
