[50.56666666666667, 43.4, 38.71333333333333, 34.38666666666666, 31.9, 29.02, 28.24, 26.246666666666666, 23.333333333333332, 21.013333333333332, 19.346666666666668, 18.82, 18.086666666666666, 17.4, 16.826666666666668, 16.653333333333332, 15.86, 14.813333333333333, 13.413333333333334, 14.46, 15.226666666666667, 16.42, 15.253333333333334]
[51.99333333333333, 44.486666666666665, 38.54666666666667, 34.92666666666667, 33.053333333333335, 29.846666666666668, 28.093333333333334, 26.846666666666668, 25.186666666666667, 24.453333333333333, 22.006666666666668, 20.786666666666665, 20.14, 18.086666666666666, 17.68, 16.726666666666667, 14.866666666666667, 15.22, 14.246666666666666, 14.533333333333333, 14.913333333333334, 15.053333333333333, 15.306666666666667, 15.566666666666666, 16.18, 16.06, 15.2, 14.506666666666666, 15.12, 14.04, 14.473333333333333, 15.693333333333333, 16.013333333333332, 16.166666666666668, 17.286666666666665, 16.226666666666667, 15.946666666666667, 16.42, 15.986666666666666, 16.0, 16.14666666666667, 16.473333333333333, 16.18, 17.013333333333332, 16.826666666666668, 15.7, 14.846666666666666, 15.88, 15.866666666666667, 15.866666666666667, 15.513333333333334, 15.96, 16.12, 15.593333333333334, 15.806666666666667, 16.24, 15.906666666666666, 14.56, 14.306666666666667, 14.406666666666666, 14.32, 14.153333333333334, 15.62, 16.233333333333334, 16.066666666666666, 15.013333333333334, 15.106666666666667, 14.226666666666667, 14.6, 14.073333333333334, 14.44, 15.266666666666667, 15.286666666666667, 15.333333333333334, 14.773333333333333, 15.9, 16.62, 15.766666666666667, 13.966666666666667, 14.086666666666666, 14.04, 13.46, 13.246666666666666, 13.42, 13.333333333333334, 12.72]
[51.4, 43.44, 38.553333333333335, 34.00666666666667, 30.64, 28.48, 25.673333333333332, 23.433333333333334, 21.906666666666666, 19.92, 19.36, 18.726666666666667, 17.64666666666667, 17.153333333333332, 16.486666666666668, 15.633333333333333, 15.693333333333333, 15.746666666666666, 15.973333333333333, 15.54, 14.88]
[51.66, 44.12, 39.3, 36.58, 33.88666666666666, 31.053333333333335, 28.366666666666667, 25.80666666666667, 24.18, 22.35333333333333, 21.833333333333332, 20.12, 18.953333333333333, 19.026666666666667, 18.5, 18.033333333333335, 17.526666666666667, 16.286666666666665, 16.32, 15.34, 14.8, 13.94, 13.246666666666666]
[52.24, 44.486666666666665, 38.693333333333335, 34.04, 30.433333333333334, 27.833333333333332, 26.44, 24.893333333333334, 23.32, 22.653333333333332, 22.026666666666667, 21.96, 21.82, 20.96, 20.293333333333333, 18.733333333333334, 19.366666666666667, 17.80666666666667, 17.2, 16.393333333333334, 15.68, 15.173333333333334, 15.78]
[51.31333333333333, 43.58, 38.43333333333333, 34.00666666666667, 32.4, 30.84, 28.166666666666668, 25.42, 24.14666666666667, 21.64666666666667, 20.74, 18.866666666666667, 18.793333333333333, 18.14666666666667, 18.04, 18.16, 17.34]
[51.14666666666667, 44.18, 38.913333333333334, 33.95333333333333, 29.56, 27.46, 26.54, 25.4, 25.326666666666668, 24.426666666666666, 23.766666666666666, 22.96, 21.993333333333332, 21.42, 20.873333333333335, 20.293333333333333, 19.666666666666668, 19.206666666666667, 18.48, 18.073333333333334, 17.613333333333333, 18.326666666666668, 17.64, 18.533333333333335, 18.12, 17.98, 17.746666666666666, 17.013333333333332, 15.88, 16.226666666666667, 16.38, 16.373333333333335, 15.32, 15.693333333333333, 16.206666666666667, 16.326666666666668, 15.013333333333334, 14.52, 15.026666666666667, 15.766666666666667, 16.16, 15.906666666666666, 15.98, 16.486666666666668, 16.4, 16.88, 16.966666666666665, 16.506666666666668, 16.1, 17.026666666666667, 17.773333333333333, 18.06, 17.44, 17.473333333333333, 17.186666666666667, 16.606666666666666, 14.373333333333333, 14.133333333333333, 14.213333333333333, 14.413333333333334, 15.286666666666667]
[50.833333333333336, 43.94, 39.00666666666667, 35.166666666666664, 32.53333333333333, 30.46, 28.35333333333333, 26.886666666666667, 25.586666666666666, 24.026666666666667, 21.9, 20.346666666666668, 18.62, 18.253333333333334, 18.56, 17.053333333333335]
[50.99333333333333, 42.82666666666667, 38.153333333333336, 33.973333333333336, 30.746666666666666, 28.96, 26.913333333333334, 25.533333333333335, 23.346666666666668, 22.2, 21.333333333333332, 19.69333333333333, 18.12, 18.06, 17.54, 15.26, 14.026666666666667]
[51.22, 43.18, 37.9, 34.58, 31.666666666666668, 28.546666666666667, 26.546666666666667, 25.126666666666665, 23.66, 22.54, 21.0, 20.253333333333334, 18.34, 17.813333333333333, 17.18, 17.12, 16.986666666666668, 15.886666666666667, 15.16, 14.653333333333334, 14.673333333333334, 13.606666666666667, 13.353333333333333, 12.413333333333334, 13.326666666666666, 13.233333333333333, 13.88]
[51.10666666666667, 44.1, 38.166666666666664, 35.48, 32.593333333333334, 29.96, 28.166666666666668, 24.82, 22.9, 21.506666666666668, 21.226666666666667, 21.1, 21.08, 19.773333333333333, 20.24, 19.72, 18.413333333333334, 17.38, 15.826666666666666, 15.586666666666666, 15.58, 14.553333333333333, 14.333333333333334, 13.593333333333334, 14.366666666666667, 13.646666666666667, 13.353333333333333, 14.086666666666666, 14.153333333333334]
[51.92, 44.29333333333334, 39.666666666666664, 35.973333333333336, 32.806666666666665, 30.62, 28.06, 26.473333333333333, 24.986666666666668, 23.0, 22.073333333333334, 21.06, 20.066666666666666, 19.326666666666668, 18.166666666666668, 16.24, 15.9, 14.833333333333334, 14.6, 14.393333333333333, 14.326666666666666, 14.02, 14.28, 13.88, 15.16, 15.553333333333333, 16.14, 15.313333333333333]
[51.193333333333335, 44.54666666666667, 39.406666666666666, 35.06, 30.686666666666667, 28.033333333333335, 26.69333333333333, 25.253333333333334, 24.113333333333333, 23.0, 22.086666666666666, 20.94, 20.026666666666667, 18.833333333333332, 16.04, 14.173333333333334, 14.546666666666667, 15.226666666666667, 15.466666666666667, 15.453333333333333, 15.38]
[51.84, 44.56, 38.36666666666667, 33.79333333333334, 30.553333333333335, 28.433333333333334, 26.893333333333334, 23.966666666666665, 22.46, 21.0, 19.9, 19.433333333333334, 19.94, 19.433333333333334, 18.586666666666666, 16.953333333333333, 16.69333333333333, 16.453333333333333, 15.193333333333333, 14.613333333333333, 14.046666666666667, 14.226666666666667, 14.753333333333334, 13.933333333333334, 14.153333333333334, 14.066666666666666, 13.033333333333333, 14.353333333333333, 14.706666666666667, 14.586666666666666, 14.98]
[51.5, 43.193333333333335, 37.473333333333336, 34.126666666666665, 31.186666666666667, 28.253333333333334, 25.80666666666667, 24.993333333333332, 22.493333333333332, 20.206666666666667, 18.673333333333332, 17.36, 16.74, 16.046666666666667, 15.886666666666667, 15.526666666666667, 14.36, 13.653333333333334, 13.906666666666666, 14.26, 14.626666666666667, 15.04, 14.82, 14.706666666666667, 15.04, 15.14, 14.826666666666666, 15.26, 15.293333333333333, 14.9, 14.446666666666667]
[50.84, 44.31333333333333, 39.513333333333335, 35.58, 31.333333333333332, 26.966666666666665, 24.253333333333334, 23.666666666666668, 22.12, 21.393333333333334, 20.713333333333335, 20.62, 19.82, 18.006666666666668, 16.14666666666667, 14.293333333333333]
[51.473333333333336, 43.913333333333334, 38.86, 35.76, 32.99333333333333, 30.533333333333335, 27.96, 26.653333333333332, 24.626666666666665, 22.19333333333333, 20.733333333333334, 19.7, 19.0, 16.84, 15.14, 14.6, 15.02, 14.6, 14.306666666666667, 15.2, 14.633333333333333, 14.8, 14.366666666666667]
[50.81333333333333, 44.873333333333335, 39.92, 35.4, 31.246666666666666, 28.88, 26.813333333333333, 24.766666666666666, 23.493333333333332, 22.3, 21.333333333333332, 21.573333333333334, 19.746666666666666, 19.633333333333333, 19.5, 18.58, 18.673333333333332, 19.246666666666666, 18.36, 17.873333333333335, 16.56, 16.513333333333332, 16.973333333333333, 16.22, 15.913333333333334, 16.493333333333332, 17.92, 17.906666666666666, 16.093333333333334, 17.1, 16.753333333333334, 16.506666666666668, 16.426666666666666, 16.753333333333334, 15.58, 14.766666666666667, 13.866666666666667, 13.706666666666667, 14.22, 14.213333333333333, 14.066666666666666, 14.72, 14.76, 14.973333333333333]
[51.32666666666667, 43.873333333333335, 39.86666666666667, 36.846666666666664, 33.986666666666665, 31.713333333333335, 28.186666666666667, 24.526666666666667, 22.933333333333334, 21.153333333333332, 20.0, 20.06, 19.406666666666666, 19.8, 18.666666666666668, 18.013333333333332, 16.826666666666668, 15.3, 14.866666666666667, 14.96, 15.253333333333334, 15.04, 15.38, 15.433333333333334, 15.753333333333334, 14.566666666666666, 15.78, 15.54, 14.806666666666667, 14.1]
[51.46, 44.49333333333333, 38.79333333333334, 35.86, 32.306666666666665, 29.653333333333332, 27.286666666666665, 25.78, 24.293333333333333, 24.006666666666668, 22.4, 20.84, 20.026666666666667, 19.106666666666666, 17.866666666666667, 16.64666666666667, 16.86, 15.473333333333333, 16.1, 15.52, 14.053333333333333, 13.746666666666666, 13.686666666666667, 13.9, 14.006666666666666, 13.833333333333334]
[52.14, 45.38, 39.7, 36.346666666666664, 33.306666666666665, 30.08, 28.173333333333332, 26.36, 25.006666666666668, 23.19333333333333, 23.18, 21.553333333333335, 20.19333333333333, 18.373333333333335, 18.326666666666668, 17.12, 17.2, 16.94, 16.046666666666667, 14.6, 14.733333333333333, 14.68, 14.26, 13.72]
[51.18, 44.72666666666667, 40.20666666666666, 36.13333333333333, 34.18666666666667, 31.38, 28.793333333333333, 25.833333333333332, 23.726666666666667, 21.793333333333333, 21.046666666666667, 19.993333333333332, 19.133333333333333, 19.1, 19.453333333333333, 19.38, 18.686666666666667, 19.086666666666666, 18.86, 19.173333333333332, 20.02, 18.866666666666667, 19.1, 18.653333333333332, 18.266666666666666, 18.733333333333334, 18.906666666666666, 17.833333333333332, 17.18, 17.266666666666666, 17.48, 17.886666666666667, 17.126666666666665, 17.993333333333332, 16.873333333333335, 15.106666666666667, 15.26, 15.033333333333333]
[51.68666666666667, 45.64666666666667, 40.53333333333333, 36.86666666666667, 33.85333333333333, 29.98, 27.573333333333334, 26.36, 25.733333333333334, 24.173333333333332, 22.973333333333333, 22.033333333333335, 21.213333333333335, 17.986666666666668, 16.553333333333335, 15.786666666666667, 15.886666666666667, 16.06, 16.153333333333332, 15.5, 15.626666666666667, 15.673333333333334, 15.106666666666667, 14.986666666666666]
[50.89333333333333, 43.653333333333336, 38.946666666666665, 34.5, 31.533333333333335, 28.64666666666667, 27.066666666666666, 25.846666666666668, 23.766666666666666, 22.46, 21.613333333333333, 20.26, 18.7, 18.12, 17.346666666666668, 17.313333333333333, 17.426666666666666, 16.986666666666668, 17.14666666666667, 17.826666666666668, 18.153333333333332, 17.033333333333335, 16.526666666666667, 16.36, 16.54, 16.686666666666667, 16.02, 15.373333333333333, 15.146666666666667, 15.64, 15.786666666666667, 16.393333333333334, 16.433333333333334, 15.933333333333334, 15.9, 15.24, 14.866666666666667, 15.013333333333334, 15.9, 15.86, 15.18, 16.226666666666667, 15.76, 15.526666666666667, 15.393333333333333, 15.006666666666666, 14.066666666666666, 14.42, 13.866666666666667, 13.24, 13.146666666666667]
[51.693333333333335, 44.513333333333335, 38.0, 33.53333333333333, 30.686666666666667, 29.053333333333335, 27.42, 26.653333333333332, 24.52, 23.14666666666667, 22.02, 21.28, 21.206666666666667, 20.04, 19.8, 19.206666666666667, 19.72, 18.84, 17.273333333333333, 16.473333333333333, 16.28, 16.246666666666666, 16.326666666666668, 15.366666666666667, 16.066666666666666, 16.24, 15.62, 15.78, 16.3, 16.973333333333333, 16.793333333333333, 17.093333333333334, 16.66, 16.526666666666667, 15.56, 14.18, 14.32, 14.46]
[51.166666666666664, 43.733333333333334, 39.526666666666664, 36.67333333333333, 31.746666666666666, 28.96, 26.593333333333334, 24.46, 21.986666666666668, 20.66, 19.793333333333333, 20.06, 19.42, 19.78, 18.286666666666665, 16.946666666666665, 16.166666666666668, 15.953333333333333, 15.346666666666666, 15.1, 14.186666666666667, 14.16, 13.073333333333334]
[50.64, 43.48, 38.733333333333334, 36.64, 33.86666666666667, 31.746666666666666, 28.46, 25.133333333333333, 21.373333333333335, 18.713333333333335, 18.166666666666668, 17.86, 17.546666666666667, 16.66, 15.606666666666667, 14.58, 13.486666666666666]
[51.00666666666667, 42.94, 38.39333333333333, 35.52, 33.34, 31.46, 29.46, 27.766666666666666, 25.88, 24.006666666666668, 23.813333333333333, 22.053333333333335, 20.653333333333332, 19.673333333333332, 18.72, 18.046666666666667, 17.366666666666667, 16.76, 16.38, 15.76, 15.926666666666666, 15.453333333333333, 14.513333333333334, 14.4, 14.546666666666667, 14.326666666666666, 14.3, 14.58, 14.946666666666667]
[51.82666666666667, 44.233333333333334, 39.61333333333334, 35.846666666666664, 32.306666666666665, 29.56, 26.813333333333333, 25.513333333333332, 23.473333333333333, 21.813333333333333, 21.886666666666667, 20.76, 18.19333333333333, 16.85333333333333, 15.76, 16.24, 15.72, 14.98, 14.786666666666667, 14.333333333333334, 14.94, 15.06, 15.133333333333333, 14.753333333333334, 14.073333333333334, 14.073333333333334, 13.926666666666666, 14.433333333333334, 13.8, 14.386666666666667, 14.513333333333334, 14.926666666666666, 15.5, 15.466666666666667, 14.986666666666666, 16.633333333333333, 16.513333333333332, 15.933333333333334, 16.44, 16.346666666666668, 16.493333333333332, 16.66, 16.546666666666667, 15.5, 16.54, 15.586666666666666, 16.226666666666667, 16.413333333333334, 16.586666666666666, 16.76, 15.306666666666667, 15.613333333333333, 15.926666666666666, 16.08, 16.366666666666667, 15.62, 15.5, 15.293333333333333, 15.206666666666667, 15.046666666666667]
[51.38666666666666, 44.24666666666667, 38.36666666666667, 34.27333333333333, 30.72, 28.48, 26.866666666666667, 24.166666666666668, 22.526666666666667, 21.626666666666665, 20.913333333333334, 19.74, 19.066666666666666, 16.593333333333334, 15.64]
[51.14666666666667, 43.81333333333333, 38.946666666666665, 35.43333333333333, 31.786666666666665, 28.38, 25.36, 23.38, 21.72, 20.973333333333333, 20.6, 20.393333333333334, 19.06, 17.94, 16.54, 16.2, 15.48, 15.446666666666667, 14.526666666666667, 14.8, 15.24, 15.02]
[50.20666666666666, 43.88, 39.46, 35.946666666666665, 32.60666666666667, 28.973333333333333, 24.366666666666667, 20.953333333333333, 19.893333333333334, 18.586666666666666, 17.84, 18.18, 18.466666666666665, 17.566666666666666, 18.226666666666667, 17.426666666666666, 16.526666666666667, 17.28, 17.35333333333333, 16.633333333333333, 16.753333333333334, 17.62, 16.886666666666667, 15.933333333333334, 16.586666666666666, 16.553333333333335, 15.913333333333334, 15.446666666666667, 15.433333333333334, 15.906666666666666, 15.3, 14.986666666666666, 14.266666666666667, 14.813333333333333, 15.046666666666667, 14.986666666666666, 13.953333333333333, 14.366666666666667]
[51.593333333333334, 43.373333333333335, 35.92, 31.826666666666668, 29.866666666666667, 28.466666666666665, 26.046666666666667, 23.973333333333333, 20.64, 19.48, 18.713333333333335, 17.453333333333333, 16.026666666666667, 14.513333333333334, 15.82, 15.486666666666666, 14.833333333333334, 15.08, 14.78, 14.733333333333333, 15.8, 15.886666666666667, 15.226666666666667]
[51.10666666666667, 43.06, 38.74, 35.5, 34.27333333333333, 31.48, 29.006666666666668, 26.946666666666665, 24.72, 23.066666666666666, 21.06, 20.58, 18.573333333333334, 16.58, 16.2, 15.713333333333333, 14.726666666666667, 13.16, 13.64, 14.06, 13.92, 14.706666666666667, 14.086666666666666, 13.673333333333334, 13.28, 13.206666666666667, 12.973333333333333, 13.473333333333333, 14.373333333333333, 14.806666666666667, 15.173333333333334, 14.42, 14.26, 14.513333333333334]
[51.2, 43.48, 38.76, 34.626666666666665, 30.846666666666668, 28.013333333333332, 26.066666666666666, 23.833333333333332, 22.153333333333332, 20.18, 19.833333333333332, 18.56, 16.786666666666665, 16.94, 15.906666666666666, 15.353333333333333, 16.32, 15.8, 16.373333333333335, 16.426666666666666, 17.466666666666665, 17.273333333333333, 16.673333333333332, 15.36, 15.506666666666666, 15.513333333333334, 15.58, 15.766666666666667, 14.126666666666667]
[51.093333333333334, 44.126666666666665, 39.99333333333333, 35.36666666666667, 32.79333333333334, 30.813333333333333, 28.19333333333333, 26.086666666666666, 24.966666666666665, 23.14666666666667, 21.98, 20.04, 18.366666666666667, 17.593333333333334, 17.393333333333334, 16.7, 16.86, 14.893333333333333, 14.54, 15.14, 15.02]
[51.31333333333333, 43.873333333333335, 37.906666666666666, 33.02, 29.486666666666668, 24.94, 21.54, 19.726666666666667, 18.786666666666665, 18.14666666666667, 17.506666666666668, 17.086666666666666, 16.8, 16.26]
[51.086666666666666, 43.36, 38.22666666666667, 34.666666666666664, 31.84, 30.786666666666665, 28.013333333333332, 25.546666666666667, 24.773333333333333, 23.86, 21.98, 20.493333333333332, 19.053333333333335, 18.286666666666665, 16.486666666666668, 15.64, 15.606666666666667, 15.886666666666667, 15.62]
[50.62, 42.26, 33.44, 28.453333333333333, 26.22, 23.386666666666667, 23.186666666666667, 22.133333333333333, 20.86, 19.553333333333335, 18.973333333333333, 18.86, 18.5, 18.113333333333333, 17.406666666666666, 17.293333333333333, 16.12, 15.813333333333333, 15.893333333333333, 14.306666666666667, 14.046666666666667, 14.453333333333333, 13.953333333333333, 14.746666666666666, 15.086666666666666, 16.19333333333333, 15.573333333333334, 15.073333333333334, 15.106666666666667, 15.18, 14.32]
[51.846666666666664, 44.36, 39.9, 37.54, 32.946666666666665, 28.926666666666666, 26.82, 24.953333333333333, 23.606666666666666, 22.78, 21.893333333333334, 20.166666666666668, 19.74, 18.96, 18.35333333333333, 16.973333333333333, 15.373333333333333, 14.526666666666667, 13.586666666666666, 14.893333333333333]
[50.64, 42.4, 36.94, 33.46, 30.56, 27.633333333333333, 25.066666666666666, 22.833333333333332, 20.88, 19.98, 18.033333333333335, 17.46, 17.086666666666666, 16.706666666666667, 16.313333333333333, 17.206666666666667, 16.733333333333334, 15.753333333333334, 15.72, 15.68, 14.2, 14.6, 13.84, 13.7, 14.646666666666667, 14.613333333333333, 14.446666666666667]
[51.07333333333333, 43.766666666666666, 38.233333333333334, 34.28666666666667, 31.713333333333335, 29.38, 27.92, 26.386666666666667, 23.35333333333333, 22.126666666666665, 20.473333333333333, 19.526666666666667, 18.606666666666666, 17.06, 15.9, 15.546666666666667, 15.32, 16.32, 15.846666666666666, 15.393333333333333, 15.8, 15.173333333333334, 14.466666666666667, 14.146666666666667, 13.393333333333333, 13.34, 13.78, 13.5]
[50.96, 43.71333333333333, 38.913333333333334, 35.78666666666667, 33.89333333333333, 31.96, 29.946666666666665, 28.88, 27.56, 25.626666666666665, 23.466666666666665, 22.02, 21.973333333333333, 21.326666666666668, 20.266666666666666, 20.213333333333335, 19.746666666666666, 19.26, 19.526666666666667, 19.346666666666668, 18.826666666666668, 18.606666666666666, 18.653333333333332, 18.4, 17.373333333333335, 16.92, 15.813333333333333, 15.373333333333333, 14.866666666666667]
[51.193333333333335, 43.973333333333336, 38.52, 34.16, 31.22, 28.96, 27.833333333333332, 24.526666666666667, 21.34, 20.14, 18.966666666666665, 18.153333333333332, 17.14666666666667, 17.493333333333332, 17.786666666666665, 16.946666666666665, 16.253333333333334, 16.333333333333332, 15.613333333333333, 15.426666666666666, 15.166666666666666, 15.406666666666666, 16.24, 15.273333333333333, 14.333333333333334, 14.153333333333334, 14.34, 14.5, 15.3, 14.826666666666666, 14.74, 14.56, 14.5, 14.793333333333333, 14.013333333333334, 14.22, 14.0, 13.42, 13.773333333333333, 14.633333333333333, 14.866666666666667, 14.546666666666667]
[51.07333333333333, 43.78, 38.76, 35.053333333333335, 31.433333333333334, 28.613333333333333, 27.533333333333335, 25.933333333333334, 24.886666666666667, 24.14, 23.366666666666667, 22.153333333333332, 21.333333333333332, 19.9, 18.653333333333332, 17.26, 17.52, 17.153333333333332, 16.066666666666666, 15.4, 15.793333333333333, 15.413333333333334, 15.573333333333334, 15.14, 14.013333333333334, 13.846666666666666, 13.906666666666666, 13.473333333333333]
[51.56, 43.76, 38.67333333333333, 34.693333333333335, 30.873333333333335, 28.033333333333335, 26.9, 26.113333333333333, 22.993333333333332, 21.8, 20.85333333333333, 21.366666666666667, 20.773333333333333, 19.173333333333332, 19.08, 18.486666666666668, 18.053333333333335, 17.32, 16.546666666666667, 15.82, 15.54, 14.14]
[50.98, 44.74, 39.42666666666667, 36.48, 34.36, 32.28666666666667, 30.113333333333333, 28.153333333333332, 27.013333333333332, 25.16, 22.48, 21.253333333333334, 19.346666666666668, 18.366666666666667, 17.64, 17.526666666666667, 15.96, 13.986666666666666, 13.44, 13.833333333333334, 13.886666666666667, 13.806666666666667, 13.793333333333333, 14.073333333333334, 14.346666666666666, 14.213333333333333, 13.593333333333334, 14.2, 15.386666666666667, 15.14, 14.5, 14.56, 13.913333333333334, 13.96, 13.64, 13.813333333333333, 13.466666666666667, 13.493333333333334, 13.866666666666667, 14.02, 14.086666666666666, 14.58, 13.906666666666666]
[50.373333333333335, 43.96666666666667, 39.35333333333333, 34.99333333333333, 31.093333333333334, 27.42, 25.266666666666666, 24.06, 22.26, 21.106666666666666, 18.673333333333332, 18.213333333333335, 17.446666666666665, 16.88, 14.893333333333333, 15.566666666666666, 15.133333333333333, 14.366666666666667, 14.866666666666667, 14.0, 14.126666666666667, 14.166666666666666]
[51.373333333333335, 43.0, 38.906666666666666, 35.093333333333334, 30.953333333333333, 29.85333333333333, 28.16, 25.993333333333332, 25.366666666666667, 24.32, 23.86, 22.726666666666667, 22.213333333333335, 22.12, 20.706666666666667, 19.44, 18.573333333333334, 17.906666666666666, 17.30666666666667, 17.226666666666667, 16.453333333333333, 15.32, 15.273333333333333, 15.806666666666667, 15.44, 15.72, 14.68, 15.193333333333333, 15.606666666666667, 15.333333333333334, 15.266666666666667, 15.613333333333333, 15.066666666666666]
[51.29333333333334, 44.26, 39.44, 35.17333333333333, 32.43333333333333, 28.526666666666667, 26.113333333333333, 23.313333333333333, 21.94, 21.533333333333335, 20.513333333333332, 19.85333333333333, 18.72, 18.286666666666665, 17.78, 16.253333333333334, 15.646666666666667, 14.666666666666666, 15.393333333333333, 15.046666666666667, 14.8, 15.02, 14.806666666666667, 14.546666666666667, 14.466666666666667, 14.526666666666667, 14.406666666666666, 14.693333333333333, 14.84, 14.646666666666667, 13.813333333333333, 13.3, 12.866666666666667]
[51.32666666666667, 43.346666666666664, 38.626666666666665, 36.00666666666667, 33.74, 31.173333333333332, 28.69333333333333, 24.933333333333334, 22.966666666666665, 21.24, 20.4, 20.826666666666668, 21.02, 20.213333333333335, 20.606666666666666, 19.346666666666668, 17.766666666666666, 16.42, 17.52, 16.926666666666666, 17.453333333333333, 17.626666666666665, 15.72]
[51.78666666666667, 43.79333333333334, 39.66, 36.026666666666664, 32.126666666666665, 29.406666666666666, 26.58, 25.286666666666665, 25.346666666666668, 23.166666666666668, 21.846666666666668, 19.106666666666666, 17.153333333333332, 16.46, 15.806666666666667, 14.666666666666666, 15.353333333333333, 14.14, 15.06, 15.626666666666667, 15.046666666666667, 16.14, 16.153333333333332, 15.32, 14.913333333333334, 14.18, 14.24, 14.546666666666667]
[50.25333333333333, 42.513333333333335, 37.34, 32.81333333333333, 29.093333333333334, 27.546666666666667, 26.226666666666667, 24.773333333333333, 23.793333333333333, 24.026666666666667, 23.126666666666665, 22.06, 21.06, 20.84, 20.06, 19.866666666666667, 19.08, 19.133333333333333, 18.69333333333333, 17.3, 17.886666666666667, 17.773333333333333, 18.12, 17.24, 17.68, 17.893333333333334, 18.32, 16.706666666666667, 17.206666666666667, 17.54, 17.046666666666667, 17.24, 19.14666666666667, 17.68]
[50.57333333333333, 42.32666666666667, 36.92666666666667, 34.32, 32.46, 29.793333333333333, 27.746666666666666, 25.64666666666667, 23.673333333333332, 22.713333333333335, 21.36, 20.42, 19.46, 18.093333333333334, 17.02, 16.0, 15.326666666666666, 13.926666666666666, 13.986666666666666]
[51.25333333333333, 43.63333333333333, 39.77333333333333, 34.34, 30.68, 29.033333333333335, 26.106666666666666, 23.273333333333333, 22.893333333333334, 21.333333333333332, 19.986666666666668, 18.94, 18.12, 17.373333333333335, 17.253333333333334, 17.293333333333333, 16.073333333333334, 16.38, 16.613333333333333, 17.393333333333334, 17.86, 16.84, 16.366666666666667, 15.486666666666666, 15.573333333333334, 14.553333333333333, 15.086666666666666, 15.506666666666666, 14.02]
[51.24666666666667, 43.45333333333333, 38.806666666666665, 34.03333333333333, 30.66, 27.08, 23.96, 23.026666666666667, 21.34, 20.006666666666668, 19.513333333333332, 20.046666666666667, 19.626666666666665, 20.273333333333333, 18.6, 17.793333333333333, 17.386666666666667, 16.313333333333333, 16.22, 15.68, 14.606666666666667, 14.34]
[51.25333333333333, 42.78666666666667, 37.84, 33.76, 30.366666666666667, 27.313333333333333, 25.7, 23.626666666666665, 21.966666666666665, 21.02, 19.293333333333333, 18.18, 17.313333333333333, 15.533333333333333, 15.886666666666667, 16.14666666666667, 16.926666666666666, 16.033333333333335, 16.46, 15.68, 15.633333333333333, 15.506666666666666, 15.813333333333333, 15.413333333333334, 14.946666666666667, 13.5, 14.62, 14.2, 14.44, 14.546666666666667, 14.706666666666667, 15.34, 15.54, 14.713333333333333, 14.806666666666667, 16.206666666666667, 15.326666666666666, 14.74, 14.88, 14.426666666666666, 14.373333333333333, 14.546666666666667, 14.446666666666667, 14.953333333333333, 14.953333333333333]
[51.18, 44.27333333333333, 39.406666666666666, 35.22666666666667, 32.36, 30.166666666666668, 27.14666666666667, 23.78, 21.6, 20.1, 19.226666666666667, 17.813333333333333, 17.82, 17.26, 16.753333333333334, 16.46, 15.593333333333334, 15.186666666666667]
[50.846666666666664, 42.38666666666666, 36.846666666666664, 33.25333333333333, 29.593333333333334, 25.553333333333335, 23.033333333333335, 20.953333333333333, 20.266666666666666, 19.26, 18.846666666666668, 18.54, 17.56, 17.066666666666666, 16.64666666666667, 15.733333333333333, 14.813333333333333, 15.173333333333334, 15.26, 15.06, 14.706666666666667, 13.646666666666667, 13.233333333333333, 14.333333333333334, 14.32, 14.046666666666667, 13.266666666666667, 13.893333333333333, 14.68, 14.233333333333333, 14.72, 14.133333333333333, 14.326666666666666]
[51.02, 42.11333333333334, 32.86666666666667, 30.573333333333334, 28.533333333333335, 27.586666666666666, 26.69333333333333, 26.526666666666667, 25.906666666666666, 25.653333333333332, 23.72, 22.92, 22.386666666666667, 21.88, 21.086666666666666, 20.026666666666667, 19.606666666666666, 18.366666666666667, 17.593333333333334, 16.593333333333334, 16.093333333333334]
[51.093333333333334, 44.17333333333333, 39.193333333333335, 34.95333333333333, 31.2, 28.30666666666667, 27.586666666666666, 25.446666666666665, 23.953333333333333, 21.926666666666666, 20.573333333333334, 19.833333333333332, 19.873333333333335, 18.80666666666667, 19.153333333333332, 18.273333333333333, 17.533333333333335, 17.426666666666666, 16.44, 16.213333333333335, 15.673333333333334, 14.826666666666666, 14.76, 14.186666666666667, 14.38, 14.546666666666667, 14.313333333333333, 14.473333333333333, 14.8, 14.253333333333334, 14.3, 13.96, 13.806666666666667]
[51.626666666666665, 44.333333333333336, 40.74666666666667, 36.306666666666665, 33.22, 31.186666666666667, 28.92, 27.2, 25.14, 23.026666666666667, 20.64, 19.58, 18.753333333333334, 18.773333333333333, 18.246666666666666, 18.62, 18.873333333333335, 19.0, 18.0, 17.933333333333334, 17.426666666666666, 16.746666666666666, 17.026666666666667, 16.393333333333334, 15.313333333333333, 14.253333333333334, 14.52, 14.226666666666667, 13.593333333333334, 13.293333333333333, 12.946666666666667, 12.966666666666667, 13.76, 14.753333333333334, 15.0, 15.033333333333333, 14.346666666666666, 14.753333333333334]
[50.78, 43.68666666666667, 38.72666666666667, 34.333333333333336, 30.626666666666665, 26.7, 24.733333333333334, 23.92, 23.006666666666668, 21.453333333333333, 20.493333333333332, 20.246666666666666, 20.126666666666665, 18.593333333333334, 17.753333333333334, 17.84, 16.26, 16.126666666666665, 16.073333333333334, 15.173333333333334, 15.733333333333333, 15.446666666666667, 14.46, 14.506666666666666, 14.213333333333333]
[51.486666666666665, 44.193333333333335, 40.0, 37.36, 34.39333333333333, 32.733333333333334, 30.753333333333334, 29.326666666666668, 28.286666666666665, 27.386666666666667, 26.28, 24.82, 24.68, 23.393333333333334, 22.113333333333333, 20.773333333333333, 20.326666666666668, 20.69333333333333, 20.32, 18.82, 17.366666666666667, 17.066666666666666, 17.12, 16.74, 17.26, 16.006666666666668, 17.006666666666668, 16.42, 16.8, 15.753333333333334, 15.853333333333333, 14.746666666666666]
[51.72, 44.626666666666665, 39.60666666666667, 34.553333333333335, 32.013333333333335, 30.086666666666666, 27.473333333333333, 25.66, 24.48, 22.586666666666666, 21.82, 21.26, 19.233333333333334, 18.9, 19.32, 19.166666666666668, 19.34, 17.713333333333335, 16.96, 16.19333333333333, 15.693333333333333, 15.58, 15.246666666666666, 15.386666666666667]
[51.49333333333333, 43.21333333333333, 38.56666666666667, 34.266666666666666, 29.786666666666665, 26.02, 23.953333333333333, 22.493333333333332, 20.786666666666665, 20.073333333333334, 19.473333333333333, 18.446666666666665, 17.493333333333332, 17.35333333333333, 18.2, 18.333333333333332, 17.76, 16.633333333333333, 15.453333333333333, 16.28, 15.006666666666666, 13.1, 13.646666666666667, 13.133333333333333, 13.013333333333334, 14.093333333333334, 14.52, 13.353333333333333]
[51.126666666666665, 44.166666666666664, 38.57333333333333, 33.68, 29.993333333333332, 26.08, 24.253333333333334, 21.833333333333332, 20.373333333333335, 18.78, 18.1, 17.113333333333333, 16.513333333333332, 16.626666666666665, 16.04, 15.733333333333333, 14.986666666666666, 14.12, 14.22, 14.026666666666667, 14.813333333333333, 13.726666666666667, 14.366666666666667, 15.353333333333333, 15.3, 15.073333333333334, 14.526666666666667, 13.32, 14.726666666666667]
[52.12, 44.60666666666667, 38.806666666666665, 34.71333333333333, 31.233333333333334, 30.506666666666668, 28.633333333333333, 26.80666666666667, 26.673333333333332, 25.566666666666666, 25.44, 23.386666666666667, 21.666666666666668, 20.433333333333334, 18.786666666666665, 19.466666666666665, 18.553333333333335, 18.533333333333335, 17.226666666666667, 16.85333333333333, 15.626666666666667, 14.8, 15.306666666666667, 14.62, 15.02, 14.926666666666666, 16.1, 15.32, 15.473333333333333, 13.886666666666667, 14.2]
[50.74666666666667, 42.98, 39.18, 35.14666666666667, 32.43333333333333, 30.606666666666666, 28.033333333333335, 26.966666666666665, 24.32, 24.06, 22.766666666666666, 22.62, 21.573333333333334, 21.44, 20.98, 20.453333333333333, 20.42, 19.206666666666667, 18.74, 17.84, 16.913333333333334, 17.066666666666666, 17.46, 17.553333333333335, 15.233333333333333, 14.966666666666667, 14.88, 14.646666666666667, 14.393333333333333, 14.306666666666667, 14.053333333333333, 14.72, 15.086666666666666, 14.226666666666667, 14.166666666666666]
[50.38, 42.20666666666666, 35.486666666666665, 31.433333333333334, 28.633333333333333, 27.833333333333332, 25.826666666666668, 24.453333333333333, 23.473333333333333, 23.226666666666667, 21.953333333333333, 21.76, 21.72, 20.093333333333334, 19.446666666666665, 17.666666666666668, 15.46, 14.626666666666667, 14.866666666666667, 14.76, 14.713333333333333, 13.986666666666666]
[51.14666666666667, 43.526666666666664, 37.553333333333335, 32.38, 30.186666666666667, 28.073333333333334, 25.553333333333335, 23.04, 22.213333333333335, 20.986666666666668, 20.19333333333333, 19.846666666666668, 18.206666666666667, 16.926666666666666, 16.486666666666668, 15.813333333333333, 15.093333333333334, 15.34, 14.626666666666667, 14.14, 14.14, 15.286666666666667, 14.866666666666667]
[51.333333333333336, 43.11333333333334, 36.61333333333334, 31.36, 27.486666666666668, 25.446666666666665, 23.393333333333334, 22.433333333333334, 21.126666666666665, 20.013333333333332, 18.726666666666667, 16.413333333333334, 15.826666666666666, 15.52, 15.933333333333334, 16.1, 15.2, 15.466666666666667, 14.153333333333334, 13.7, 14.313333333333333, 15.02, 14.566666666666666, 14.52, 14.193333333333333, 14.626666666666667, 15.026666666666667, 14.68, 14.846666666666666]
[51.74666666666667, 43.6, 38.35333333333333, 34.86, 31.8, 28.266666666666666, 24.813333333333333, 23.68, 22.466666666666665, 21.686666666666667, 20.88, 19.28, 18.106666666666666, 17.106666666666666, 17.926666666666666, 17.333333333333332, 15.086666666666666, 14.773333333333333, 13.6, 14.6, 14.773333333333333, 15.373333333333333, 13.973333333333333, 15.266666666666667, 15.166666666666666, 13.8, 14.693333333333333, 13.713333333333333, 14.373333333333333, 14.34, 14.62, 14.88, 14.933333333333334, 14.64]
[51.3, 43.43333333333333, 39.57333333333333, 36.026666666666664, 31.826666666666668, 27.713333333333335, 23.566666666666666, 21.4, 19.873333333333335, 18.46, 17.273333333333333, 16.893333333333334, 17.14666666666667, 17.226666666666667, 16.84, 16.166666666666668, 16.566666666666666, 15.966666666666667, 15.793333333333333, 16.64, 16.44, 15.453333333333333, 14.64, 14.926666666666666, 14.72, 15.273333333333333, 15.673333333333334, 14.433333333333334]
[51.233333333333334, 43.973333333333336, 39.20666666666666, 36.08, 31.82, 28.92, 27.08, 25.19333333333333, 23.333333333333332, 23.226666666666667, 22.713333333333335, 22.226666666666667, 20.826666666666668, 20.74, 20.35333333333333, 19.28, 19.526666666666667, 18.68, 17.466666666666665, 16.633333333333333, 15.173333333333334, 14.706666666666667, 14.953333333333333, 15.586666666666666, 15.346666666666666, 15.7, 15.293333333333333, 15.16, 14.933333333333334, 15.473333333333333, 14.84, 14.76]
[51.50666666666667, 43.086666666666666, 36.026666666666664, 32.81333333333333, 30.013333333333332, 27.373333333333335, 25.153333333333332, 22.766666666666666, 20.58, 19.0, 18.166666666666668, 17.553333333333335, 16.35333333333333, 16.54, 16.393333333333334, 15.626666666666667, 15.706666666666667, 14.253333333333334, 14.62, 15.586666666666666, 15.96, 15.8, 14.673333333333334, 14.913333333333334, 14.44, 14.853333333333333, 14.913333333333334]
[51.11333333333334, 43.56666666666667, 38.586666666666666, 33.49333333333333, 30.186666666666667, 26.873333333333335, 26.246666666666666, 24.5, 21.753333333333334, 20.466666666666665, 19.913333333333334, 19.046666666666667, 18.5, 18.173333333333332, 17.773333333333333, 17.32, 16.433333333333334, 17.3, 17.006666666666668, 15.426666666666666, 16.326666666666668, 14.993333333333334, 15.666666666666666, 15.82, 14.446666666666667, 14.713333333333333, 15.12]
[50.873333333333335, 43.72666666666667, 39.06666666666667, 35.03333333333333, 32.54666666666667, 29.2, 25.926666666666666, 24.56, 22.246666666666666, 19.18, 18.24, 18.54, 18.92, 19.626666666666665, 19.56, 18.846666666666668, 18.78, 17.546666666666667, 16.7, 17.92, 17.9, 16.473333333333333, 15.766666666666667, 16.033333333333335, 16.453333333333333, 15.193333333333333, 15.18, 14.6, 14.526666666666667, 14.386666666666667, 14.586666666666666, 15.106666666666667, 14.986666666666666, 15.293333333333333, 14.906666666666666, 15.1, 15.393333333333333, 15.553333333333333, 14.853333333333333, 15.033333333333333, 14.88, 14.4]
[51.1, 42.78666666666667, 37.13333333333333, 33.42, 30.793333333333333, 28.766666666666666, 26.14, 24.92, 23.393333333333334, 21.333333333333332, 19.06, 18.38, 17.666666666666668, 16.82, 17.033333333333335, 16.54, 15.906666666666666, 14.913333333333334]
[51.46666666666667, 42.75333333333333, 38.053333333333335, 35.18666666666667, 32.92666666666667, 31.04, 29.44, 28.46, 26.846666666666668, 25.073333333333334, 23.626666666666665, 23.58, 21.486666666666668, 19.873333333333335, 18.713333333333335, 18.333333333333332, 18.246666666666666, 18.166666666666668, 17.34, 17.073333333333334, 16.66, 15.973333333333333, 16.35333333333333, 14.686666666666667, 14.626666666666667, 13.513333333333334, 13.866666666666667, 12.966666666666667]
[50.833333333333336, 42.75333333333333, 38.86666666666667, 36.48, 34.22666666666667, 31.613333333333333, 29.133333333333333, 25.58, 23.76, 22.866666666666667, 21.78, 20.946666666666665, 20.62, 19.486666666666668, 18.426666666666666, 17.52, 17.866666666666667, 16.286666666666665, 16.033333333333335, 16.16, 16.586666666666666, 15.946666666666667, 14.653333333333334, 15.46, 15.973333333333333, 15.633333333333333, 15.573333333333334, 15.993333333333334, 16.1, 16.613333333333333, 16.64, 16.506666666666668, 15.726666666666667, 16.16, 15.22, 15.793333333333333, 16.233333333333334, 15.666666666666666, 15.9, 15.566666666666666, 15.8, 16.053333333333335, 15.173333333333334, 15.506666666666666, 15.06, 15.746666666666666, 15.66, 16.7, 17.053333333333335, 17.0, 16.073333333333334, 16.453333333333333, 16.513333333333332, 16.813333333333333, 16.926666666666666, 17.126666666666665, 16.12, 15.593333333333334, 15.553333333333333, 14.9, 14.313333333333333, 14.606666666666667, 15.026666666666667, 14.626666666666667, 13.313333333333333]
[51.3, 43.8, 39.086666666666666, 34.733333333333334, 31.866666666666667, 29.04, 26.566666666666666, 25.553333333333335, 22.153333333333332, 19.773333333333333, 19.506666666666668, 19.333333333333332, 18.553333333333335, 17.746666666666666, 16.986666666666668, 16.093333333333334]
[52.10666666666667, 44.22666666666667, 38.63333333333333, 34.54, 32.49333333333333, 29.54, 27.14666666666667, 25.433333333333334, 24.006666666666668, 21.393333333333334, 19.88, 18.52, 17.126666666666665, 17.36, 15.86, 15.72, 15.006666666666666, 15.066666666666666, 14.686666666666667, 14.653333333333334, 16.32, 15.713333333333333, 15.36, 15.513333333333334, 15.613333333333333, 15.026666666666667, 14.4, 13.74, 13.86, 14.226666666666667, 14.42, 14.226666666666667, 15.12]
[50.95333333333333, 44.68666666666667, 39.64, 36.193333333333335, 33.64, 31.573333333333334, 31.026666666666667, 28.493333333333332, 26.326666666666668, 24.706666666666667, 24.133333333333333, 22.713333333333335, 21.88, 20.3, 20.06, 18.666666666666668, 19.2, 19.35333333333333, 18.02, 17.186666666666667, 16.733333333333334, 16.24, 14.106666666666667, 15.086666666666666, 14.433333333333334, 14.826666666666666, 14.533333333333333]
[51.57333333333333, 43.74, 36.95333333333333, 33.24666666666667, 30.073333333333334, 26.6, 25.16, 23.606666666666666, 21.86, 21.66, 21.56, 20.02, 19.706666666666667, 19.66, 19.926666666666666, 18.846666666666668, 18.393333333333334, 18.4, 17.85333333333333, 17.313333333333333, 17.386666666666667, 17.2, 16.62, 16.046666666666667, 15.846666666666666, 15.226666666666667, 15.426666666666666, 14.626666666666667, 14.233333333333333, 13.846666666666666]
[51.56, 44.71333333333333, 39.58, 35.89333333333333, 33.49333333333333, 31.78, 29.613333333333333, 27.366666666666667, 25.44, 24.62, 21.38, 20.393333333333334, 19.326666666666668, 18.9, 18.246666666666666, 18.386666666666667, 17.606666666666666, 17.78, 17.486666666666668, 16.333333333333332, 16.14, 15.146666666666667, 15.006666666666666, 14.54]
[50.906666666666666, 43.66, 38.586666666666666, 35.846666666666664, 32.06, 29.706666666666667, 28.186666666666667, 25.42, 23.19333333333333, 20.12, 19.033333333333335, 18.453333333333333, 18.246666666666666, 17.56, 17.5, 16.926666666666666, 16.886666666666667, 16.046666666666667, 15.586666666666666, 14.92, 13.693333333333333, 14.873333333333333, 15.413333333333334, 15.573333333333334, 15.933333333333334, 16.30666666666667, 16.6, 16.186666666666667, 16.02, 15.693333333333333, 16.413333333333334, 15.973333333333333, 16.333333333333332, 16.313333333333333, 16.413333333333334, 15.66, 14.74, 14.76, 14.68, 14.94, 14.46, 14.166666666666666, 13.533333333333333, 14.646666666666667, 13.84, 13.953333333333333, 13.173333333333334, 13.993333333333334, 15.893333333333333, 16.56, 16.113333333333333, 16.273333333333333, 16.24, 16.166666666666668, 16.666666666666668, 16.266666666666666, 15.76, 15.273333333333333, 14.56]
[52.08, 43.306666666666665, 38.00666666666667, 34.82666666666667, 32.27333333333333, 30.926666666666666, 30.08, 29.206666666666667, 27.64666666666667, 26.393333333333334, 24.553333333333335, 22.333333333333332, 19.733333333333334, 19.24, 18.893333333333334, 18.593333333333334, 17.906666666666666, 17.35333333333333, 16.106666666666666, 16.426666666666666, 17.36, 16.86, 15.6, 15.766666666666667, 15.84, 15.16, 15.433333333333334, 15.02, 14.633333333333333, 14.733333333333333, 14.813333333333333, 15.273333333333333, 15.606666666666667, 15.466666666666667, 15.786666666666667]
[51.593333333333334, 44.74, 40.02, 36.27333333333333, 32.98, 30.153333333333332, 28.393333333333334, 26.7, 25.69333333333333, 24.30666666666667, 22.486666666666668, 20.573333333333334, 21.30666666666667, 20.333333333333332, 19.04, 18.966666666666665, 18.366666666666667, 18.873333333333335, 18.706666666666667, 17.98, 18.28, 17.533333333333335, 18.366666666666667, 17.546666666666667, 16.64, 16.66, 15.8, 15.84, 16.066666666666666, 15.773333333333333, 14.853333333333333, 14.026666666666667, 14.44, 14.753333333333334, 15.746666666666666, 15.44, 15.986666666666666, 15.393333333333333, 15.806666666666667, 15.953333333333333, 16.08, 15.413333333333334, 15.673333333333334, 13.993333333333334, 14.753333333333334, 14.693333333333333, 15.42, 15.413333333333334, 16.246666666666666]
[51.53333333333333, 43.82, 39.54, 36.64, 33.99333333333333, 31.84, 29.426666666666666, 27.5, 26.30666666666667, 24.786666666666665, 23.26, 22.073333333333334, 20.346666666666668, 18.893333333333334, 17.413333333333334, 17.433333333333334, 16.586666666666666, 16.44, 15.826666666666666]
[51.586666666666666, 43.733333333333334, 37.77333333333333, 34.17333333333333, 31.566666666666666, 29.273333333333333, 27.553333333333335, 26.326666666666668, 26.453333333333333, 23.986666666666668, 23.066666666666666, 23.04, 20.94, 19.4, 18.593333333333334, 18.69333333333333, 17.04, 16.773333333333333, 16.8, 17.006666666666668, 16.6, 16.006666666666668, 15.293333333333333, 14.166666666666666, 14.26, 13.74, 14.28, 13.926666666666666, 14.353333333333333, 15.066666666666666]
[51.93333333333333, 44.14, 39.92666666666667, 37.11333333333334, 33.78, 31.76, 28.48, 26.006666666666668, 23.213333333333335, 21.85333333333333, 20.133333333333333, 17.406666666666666, 17.22, 16.786666666666665, 15.9, 15.653333333333334, 16.366666666666667, 16.526666666666667, 16.5, 16.833333333333332, 16.35333333333333, 16.56, 16.093333333333334, 15.486666666666666]
[50.9, 41.986666666666665, 37.06, 32.68, 29.766666666666666, 27.38, 24.933333333333334, 24.35333333333333, 23.013333333333332, 20.973333333333333, 19.88, 18.706666666666667, 18.373333333333335, 17.38, 16.166666666666668, 16.633333333333333, 15.893333333333333, 15.04, 14.213333333333333, 14.426666666666666, 14.593333333333334, 13.986666666666666, 14.233333333333333, 13.913333333333334, 14.673333333333334, 14.853333333333333, 14.906666666666666, 14.88, 15.04, 15.52, 15.513333333333334, 14.466666666666667, 13.866666666666667, 14.293333333333333, 13.866666666666667, 13.506666666666666, 13.853333333333333, 14.253333333333334]
[51.9, 44.9, 40.1, 37.02, 33.02, 30.533333333333335, 28.96, 27.7, 27.026666666666667, 25.973333333333333, 25.293333333333333, 24.68, 24.30666666666667, 23.56, 22.266666666666666, 22.033333333333335, 20.826666666666668, 20.266666666666666, 19.76, 20.08, 19.346666666666668, 18.52, 18.94, 17.80666666666667, 17.546666666666667, 17.046666666666667, 16.913333333333334, 16.506666666666668, 16.773333333333333, 16.18, 14.946666666666667, 14.26, 14.386666666666667, 14.786666666666667, 15.12, 15.826666666666666, 15.0, 15.446666666666667, 14.86, 14.466666666666667]
[50.92, 44.39333333333333, 39.32, 36.2, 32.96666666666667, 30.273333333333333, 27.5, 25.76, 23.466666666666665, 22.16, 20.493333333333332, 19.58, 19.66, 18.14]
[51.67333333333333, 43.77333333333333, 39.413333333333334, 36.906666666666666, 34.28666666666667, 31.85333333333333, 29.446666666666665, 27.313333333333333, 25.293333333333333, 23.946666666666665, 22.593333333333334, 21.44, 21.06, 19.42, 19.293333333333333, 18.466666666666665, 17.69333333333333, 16.946666666666665, 16.886666666666667, 16.74, 15.873333333333333]
[51.446666666666665, 43.46666666666667, 38.446666666666665, 35.486666666666665, 32.626666666666665, 31.19333333333333, 27.633333333333333, 25.253333333333334, 23.14666666666667, 21.46, 19.82, 17.92, 16.506666666666668, 16.446666666666665, 16.613333333333333, 16.033333333333335, 14.78, 15.42, 14.866666666666667, 14.506666666666666, 14.926666666666666, 14.766666666666667]
[51.1, 44.013333333333335, 39.49333333333333, 36.79333333333334, 33.126666666666665, 30.84, 27.673333333333332, 26.30666666666667, 24.92, 23.426666666666666, 22.34, 21.06, 20.64666666666667, 18.48, 17.36, 17.753333333333334, 16.973333333333333, 15.773333333333333, 16.586666666666666, 15.74, 15.073333333333334, 16.466666666666665, 16.173333333333332, 15.9, 16.886666666666667, 16.3, 16.24, 15.04, 15.166666666666666, 14.873333333333333]
[51.10666666666667, 43.82, 40.04, 36.71333333333333, 35.093333333333334, 33.03333333333333, 31.68, 29.34, 27.94, 25.466666666666665, 24.44, 23.453333333333333, 22.14, 21.18, 20.0, 17.746666666666666, 16.233333333333334, 15.873333333333333, 16.34, 15.753333333333334, 16.373333333333335, 16.226666666666667, 15.413333333333334, 15.293333333333333, 14.64, 15.406666666666666, 15.44, 15.173333333333334, 15.546666666666667, 14.473333333333333, 14.206666666666667, 14.933333333333334, 14.953333333333333, 15.493333333333334, 14.98, 14.826666666666666, 15.08, 15.333333333333334, 14.12, 15.626666666666667, 15.733333333333333, 15.08, 14.286666666666667, 14.7]
[51.593333333333334, 43.28, 38.00666666666667, 34.8, 31.62, 28.566666666666666, 26.186666666666667, 24.74, 24.286666666666665, 23.406666666666666, 21.66, 21.906666666666666, 20.546666666666667, 20.2, 19.0, 18.133333333333333, 17.14, 16.486666666666668, 15.053333333333333, 14.34]
