[37, 35, 26, 29, 25, 25, 25, 24, 24, 18, 16, 16, 16, 16, 15, 10, 14, 12, 8, 8, 8, 8, 8, 6, 8, 8, 8, 6, 4, 2, 2, 2, 2, 4, 2, 2, 2, 2, 2, 2, 0]
[33, 34, 34, 29, 25, 23, 20, 16, 16, 16, 13, 13, 10, 8, 9, 9, 9, 8, 8, 7, 7, 8, 7, 4, 4, 2, 2, 2, 2, 2, 2, 0]
[35, 34, 31, 31, 28, 23, 17, 17, 17, 15, 15, 12, 10, 8, 8, 6, 7, 7, 6, 6, 4, 4, 2, 2, 2, 2, 2, 4, 2, 0]
[37, 36, 33, 30, 29, 26, 26, 20, 20, 18, 17, 18, 17, 17, 16, 14, 12, 10, 10, 10, 10, 10, 10, 8, 8, 2, 4, 4, 4, 2, 2, 2, 2, 2, 2, 4, 4, 2, 0]
[36, 33, 31, 28, 25, 26, 23, 22, 18, 16, 14, 15, 15, 14, 16, 14, 14, 13, 12, 12, 11, 11, 10, 10, 10, 8, 8, 8, 4, 4, 6, 4, 6, 4, 4, 4, 4, 4, 4, 4, 4, 4, 4, 4, 5, 4, 2, 4, 4, 4, 4, 4, 4, 4, 4, 4, 4, 4, 4, 2, 2, 2, 2, 2, 2, 2, 2, 2, 2, 2, 2, 2, 2, 2, 2, 0]
[34, 28, 28, 28, 20, 20, 11, 13, 13, 13, 10, 12, 13, 12, 12, 11, 11, 8, 8, 10, 9, 8, 6, 6, 7, 7, 8, 6, 6, 3, 6, 2, 2, 2, 2, 2, 0]
[40, 37, 32, 32, 31, 30, 29, 23, 21, 19, 19, 16, 17, 17, 15, 14, 12, 12, 12, 12, 6, 10, 9, 4, 4, 4, 4, 4, 4, 4, 4, 2, 2, 2, 2, 0]
[32, 32, 34, 28, 25, 20, 16, 16, 14, 10, 10, 6, 6, 4, 4, 6, 6, 7, 4, 4, 4, 4, 6, 2, 2, 0]
[36, 34, 34, 35, 32, 30, 28, 28, 24, 20, 19, 18, 18, 15, 18, 14, 12, 8, 8, 8, 8, 8, 8, 8, 8, 6, 6, 6, 4, 2, 2, 2, 2, 2, 2, 0]
[37, 36, 34, 26, 23, 26, 20, 21, 20, 15, 12, 14, 9, 9, 10, 8, 8, 7, 6, 6, 6, 6, 4, 2, 2, 2, 2, 0]
[33, 32, 27, 28, 28, 26, 26, 26, 20, 23, 23, 21, 19, 19, 16, 16, 12, 13, 13, 11, 10, 9, 10, 10, 8, 8, 6, 6, 6, 6, 2, 2, 4, 4, 4, 2, 2, 2, 2, 2, 2, 2, 2, 2, 2, 2, 2, 2, 0]
[36, 34, 32, 30, 28, 28, 24, 23, 20, 20, 18, 16, 15, 13, 10, 8, 10, 8, 8, 8, 8, 8, 6, 6, 6, 6, 4, 4, 6, 6, 4, 4, 4, 2, 6, 2, 4, 4, 4, 4, 4, 4, 4, 4, 2, 2, 0]
[37, 35, 33, 30, 27, 25, 25, 26, 25, 20, 20, 20, 20, 19, 15, 15, 13, 12, 12, 12, 13, 15, 15, 12, 12, 8, 8, 8, 4, 4, 4, 4, 4, 4, 4, 4, 2, 4, 4, 4, 4, 2, 4, 2, 2, 2, 2, 2, 2, 2, 0]
[38, 36, 29, 27, 26, 26, 23, 24, 21, 21, 21, 14, 14, 14, 12, 12, 13, 14, 14, 12, 10, 10, 11, 10, 8, 8, 8, 8, 8, 8, 8, 6, 6, 8, 6, 6, 8, 8, 8, 6, 6, 6, 6, 8, 4, 4, 4, 4, 2, 2, 2, 2, 2, 4, 2, 4, 2, 2, 2, 2, 2, 2, 2, 0]
[38, 34, 33, 25, 23, 23, 27, 27, 22, 22, 23, 21, 21, 20, 16, 16, 14, 14, 12, 14, 10, 14, 14, 6, 6, 8, 8, 8, 8, 8, 6, 6, 6, 6, 6, 6, 6, 6, 4, 4, 4, 4, 4, 6, 4, 4, 4, 6, 4, 4, 4, 4, 4, 4, 4, 4, 4, 6, 4, 4, 4, 4, 3, 4, 4, 4, 2, 4, 4, 2, 2, 0]
[35, 34, 32, 31, 30, 29, 26, 26, 22, 22, 19, 17, 20, 17, 16, 17, 15, 15, 14, 14, 14, 11, 11, 12, 11, 8, 12, 8, 8, 8, 8, 8, 4, 4, 4, 4, 4, 4, 4, 4, 4, 4, 4, 4, 6, 2, 2, 2, 2, 4, 2, 0]
[35, 33, 31, 28, 26, 22, 21, 19, 16, 14, 13, 13, 10, 10, 8, 6, 6, 6, 6, 4, 4, 4, 4, 2, 2, 2, 4, 2, 2, 2, 2, 4, 4, 4, 2, 2, 4, 4, 4, 4, 2, 2, 0]
[35, 35, 28, 28, 23, 21, 19, 20, 20, 19, 17, 17, 18, 17, 17, 13, 12, 13, 8, 8, 8, 8, 8, 6, 4, 5, 5, 4, 4, 6, 4, 4, 4, 4, 4, 4, 2, 2, 5, 5, 5, 5, 4, 2, 2, 2, 2, 2, 4, 2, 4, 4, 4, 4, 4, 4, 2, 2, 2, 2, 0]
[36, 34, 30, 26, 25, 15, 15, 13, 11, 11, 11, 12, 8, 7, 5, 4, 4, 4, 4, 4, 4, 2, 2, 2, 2, 2, 2, 2, 2, 2, 3, 3, 0]
[28, 27, 24, 24, 22, 24, 22, 19, 19, 17, 19, 17, 15, 15, 15, 11, 13, 13, 11, 10, 11, 9, 9, 9, 11, 9, 10, 9, 8, 8, 8, 8, 8, 9, 8, 9, 9, 8, 6, 6, 6, 4, 2, 4, 4, 2, 2, 2, 2, 4, 4, 4, 2, 0]
[35, 31, 32, 28, 26, 25, 23, 21, 22, 19, 16, 16, 17, 12, 11, 11, 11, 8, 8, 6, 6, 6, 5, 2, 2, 2, 2, 4, 2, 4, 4, 4, 2, 2, 2, 0]
[36, 30, 32, 23, 23, 22, 21, 19, 19, 19, 19, 19, 17, 16, 14, 16, 16, 15, 16, 15, 15, 15, 14, 12, 12, 11, 11, 10, 10, 7, 5, 7, 7, 7, 7, 7, 6, 6, 6, 6, 6, 6, 4, 4, 6, 6, 4, 4, 4, 6, 4, 4, 4, 4, 4, 5, 4, 4, 4, 4, 4, 6, 6, 4, 4, 4, 4, 4, 4, 5, 5, 5, 5, 5, 4, 4, 5, 4, 4, 5, 5, 5, 5, 5, 5, 5, 5, 5, 4, 6, 4, 2, 2, 2, 2, 2, 2, 2, 2, 2, 2, 2, 0]
[35, 31, 31, 28, 27, 24, 20, 12, 12, 11, 11, 11, 4, 6, 6, 6, 4, 4, 4, 4, 2, 2, 2, 2, 2, 2, 2, 2, 2, 2, 2, 2, 2, 4, 4, 2, 4, 4, 4, 4, 2, 2, 4, 2, 2, 2, 2, 2, 2, 2, 0]
[38, 35, 32, 26, 25, 22, 15, 19, 15, 15, 15, 15, 15, 15, 15, 13, 10, 12, 14, 10, 9, 9, 13, 12, 10, 12, 10, 10, 9, 11, 8, 8, 8, 8, 6, 6, 8, 8, 4, 4, 4, 4, 2, 2, 2, 0]
[37, 32, 31, 29, 25, 20, 20, 18, 20, 18, 17, 18, 16, 8, 6, 12, 10, 9, 10, 8, 8, 8, 8, 4, 4, 4, 4, 6, 4, 4, 4, 4, 4, 2, 2, 4, 2, 4, 4, 4, 2, 2, 0]
[37, 36, 35, 34, 29, 28, 27, 27, 25, 21, 21, 19, 16, 16, 16, 10, 10, 13, 11, 10, 9, 9, 6, 6, 6, 6, 6, 6, 6, 4, 4, 4, 4, 4, 4, 2, 4, 0]
[35, 34, 33, 29, 24, 20, 18, 19, 19, 19, 17, 16, 15, 13, 11, 10, 10, 10, 8, 6, 8, 8, 6, 6, 6, 4, 4, 6, 6, 2, 2, 2, 2, 4, 4, 4, 4, 4, 4, 4, 4, 4, 4, 0]
[37, 35, 34, 31, 28, 26, 24, 23, 21, 19, 19, 17, 13, 13, 13, 13, 13, 11, 11, 9, 9, 8, 7, 8, 4, 4, 6, 2, 2, 2, 2, 0]
[37, 33, 33, 31, 27, 26, 26, 21, 19, 18, 12, 12, 8, 8, 6, 6, 4, 6, 6, 6, 6, 4, 4, 4, 4, 4, 4, 4, 4, 4, 4, 4, 4, 4, 4, 4, 4, 4, 4, 2, 2, 2, 2, 2, 2, 2, 2, 2, 2, 2, 2, 0]
[36, 35, 28, 30, 26, 23, 19, 19, 15, 15, 14, 14, 12, 10, 10, 10, 10, 10, 10, 10, 10, 8, 8, 8, 8, 8, 8, 6, 6, 8, 7, 7, 7, 6, 6, 6, 4, 4, 4, 2, 4, 4, 4, 4, 0]
[39, 38, 38, 33, 26, 25, 25, 24, 21, 17, 16, 16, 16, 15, 15, 14, 14, 14, 14, 14, 14, 14, 12, 12, 10, 12, 10, 10, 6, 8, 8, 8, 8, 8, 8, 8, 8, 4, 8, 4, 4, 4, 4, 2, 4, 0]
[36, 36, 32, 25, 25, 22, 21, 18, 18, 18, 18, 18, 15, 14, 14, 12, 14, 12, 12, 10, 8, 9, 12, 10, 10, 10, 8, 10, 10, 6, 6, 6, 6, 4, 4, 6, 4, 4, 0]
[40, 35, 34, 32, 30, 30, 28, 26, 25, 25, 22, 18, 19, 19, 15, 18, 16, 14, 12, 12, 12, 12, 10, 11, 8, 8, 6, 8, 8, 8, 6, 2, 4, 4, 2, 2, 2, 2, 4, 4, 2, 0]
[37, 30, 28, 30, 28, 26, 24, 23, 21, 17, 20, 19, 14, 13, 14, 12, 10, 8, 6, 6, 6, 8, 8, 8, 8, 8, 8, 8, 4, 4, 6, 2, 0]
[38, 38, 34, 30, 24, 22, 22, 19, 20, 18, 18, 16, 10, 11, 6, 6, 4, 6, 6, 4, 6, 4, 4, 2, 4, 4, 4, 2, 2, 2, 2, 3, 2, 2, 2, 4, 2, 2, 0]
[33, 35, 32, 30, 30, 26, 24, 21, 22, 21, 21, 19, 19, 16, 18, 16, 12, 10, 10, 10, 9, 10, 10, 10, 11, 8, 8, 6, 6, 6, 8, 7, 7, 6, 6, 6, 6, 8, 6, 6, 6, 6, 4, 2, 4, 4, 2, 2, 0]
[37, 34, 32, 33, 30, 30, 28, 25, 23, 22, 16, 12, 12, 12, 10, 10, 2, 4, 6, 4, 2, 2, 2, 2, 2, 2, 0]
[34, 34, 32, 32, 29, 26, 24, 23, 21, 19, 19, 20, 19, 19, 19, 15, 15, 15, 14, 14, 12, 9, 9, 8, 8, 10, 4, 4, 4, 4, 4, 4, 4, 4, 4, 4, 4, 2, 2, 2, 0]
[35, 30, 26, 23, 20, 20, 20, 19, 19, 18, 12, 13, 13, 13, 10, 10, 8, 8, 8, 6, 4, 6, 4, 4, 4, 3, 3, 3, 2, 2, 3, 3, 3, 4, 4, 6, 6, 4, 4, 4, 4, 3, 2, 2, 2, 2, 0]
[37, 36, 31, 29, 25, 25, 24, 18, 16, 15, 15, 17, 12, 15, 14, 11, 12, 10, 10, 8, 8, 6, 6, 6, 4, 2, 2, 6, 2, 4, 4, 2, 0]
[29, 25, 26, 25, 24, 24, 20, 18, 15, 14, 14, 15, 14, 12, 11, 11, 12, 9, 8, 8, 8, 8, 8, 6, 6, 6, 6, 4, 4, 2, 4, 4, 4, 2, 2, 0]
[40, 36, 27, 25, 24, 22, 22, 22, 22, 20, 18, 18, 18, 16, 13, 13, 13, 11, 13, 12, 10, 10, 11, 11, 11, 9, 10, 10, 10, 10, 10, 10, 8, 6, 6, 6, 6, 6, 8, 6, 6, 6, 6, 6, 4, 4, 4, 4, 4, 2, 2, 4, 2, 2, 2, 2, 2, 2, 4, 2, 4, 4, 2, 2, 2, 3, 2, 2, 2, 2, 2, 2, 2, 0]
[37, 32, 29, 29, 28, 27, 25, 22, 21, 21, 17, 19, 18, 16, 16, 16, 14, 12, 12, 10, 6, 8, 8, 7, 7, 7, 6, 6, 6, 6, 6, 6, 6, 6, 8, 6, 2, 2, 6, 2, 2, 2, 2, 2, 2, 4, 2, 2, 2, 0]
[37, 34, 32, 29, 30, 28, 24, 24, 22, 21, 19, 19, 19, 15, 12, 12, 8, 8, 8, 8, 8, 6, 8, 8, 6, 6, 6, 6, 6, 6, 6, 6, 2, 2, 2, 2, 4, 2, 2, 2, 6, 6, 4, 4, 2, 2, 2, 2, 2, 2, 2, 4, 2, 2, 2, 2, 2, 2, 0]
[37, 30, 29, 25, 21, 21, 21, 14, 14, 14, 12, 10, 8, 10, 9, 10, 10, 10, 6, 4, 4, 5, 4, 4, 4, 2, 2, 2, 2, 4, 2, 0]
[36, 32, 30, 28, 26, 20, 20, 18, 18, 14, 10, 16, 13, 13, 12, 8, 10, 10, 10, 6, 10, 6, 4, 6, 6, 4, 6, 6, 6, 2, 2, 2, 2, 2, 4, 4, 3, 2, 3, 0]
[37, 36, 34, 33, 26, 24, 26, 23, 23, 24, 22, 18, 14, 12, 12, 11, 10, 10, 11, 9, 9, 8, 4, 4, 4, 4, 2, 2, 2, 2, 2, 2, 2, 0]
[35, 37, 32, 27, 27, 27, 25, 24, 22, 19, 16, 14, 16, 13, 13, 13, 13, 9, 9, 9, 7, 7, 7, 7, 8, 6, 2, 2, 4, 6, 6, 0]
[36, 31, 33, 28, 27, 29, 25, 24, 27, 25, 22, 22, 18, 19, 18, 13, 13, 11, 8, 8, 8, 8, 6, 8, 6, 4, 6, 4, 4, 4, 4, 2, 4, 4, 4, 4, 4, 4, 2, 2, 4, 4, 2, 2, 2, 0]
[38, 38, 32, 26, 28, 27, 23, 25, 21, 15, 15, 15, 15, 12, 12, 8, 7, 7, 5, 5, 4, 4, 4, 4, 4, 4, 4, 4, 2, 2, 4, 4, 4, 4, 4, 4, 4, 0]
[38, 36, 32, 31, 28, 28, 26, 18, 17, 15, 16, 12, 12, 10, 10, 10, 10, 10, 6, 8, 8, 5, 5, 5, 6, 6, 4, 4, 2, 2, 2, 2, 2, 2, 2, 4, 4, 4, 3, 3, 2, 4, 2, 2, 2, 2, 2, 2, 2, 4, 4, 2, 2, 2, 2, 2, 2, 2, 2, 2, 2, 2, 4, 2, 2, 2, 2, 2, 0]
[38, 34, 29, 22, 22, 22, 21, 21, 19, 17, 16, 16, 16, 16, 16, 14, 14, 10, 8, 8, 10, 10, 10, 8, 8, 8, 8, 8, 4, 4, 4, 4, 6, 2, 2, 2, 0]
[39, 36, 32, 30, 25, 22, 22, 19, 18, 16, 15, 16, 14, 16, 13, 13, 11, 13, 12, 12, 8, 8, 10, 10, 9, 10, 9, 8, 8, 8, 9, 8, 6, 8, 8, 6, 4, 4, 4, 4, 4, 4, 2, 4, 4, 2, 2, 2, 4, 4, 2, 0]
[33, 33, 33, 27, 21, 21, 18, 14, 12, 13, 8, 8, 8, 9, 8, 9, 9, 8, 6, 6, 6, 8, 8, 6, 6, 6, 6, 6, 6, 6, 6, 4, 4, 6, 7, 7, 6, 6, 6, 4, 4, 4, 4, 0]
[36, 38, 31, 33, 30, 29, 26, 22, 22, 22, 21, 18, 16, 16, 16, 12, 12, 10, 8, 12, 11, 10, 10, 9, 5, 9, 8, 8, 7, 7, 4, 4, 4, 4, 4, 4, 4, 4, 4, 4, 4, 4, 4, 2, 2, 2, 2, 2, 2, 4, 2, 2, 2, 2, 0]
[34, 37, 34, 32, 31, 26, 24, 24, 21, 23, 23, 17, 17, 17, 16, 16, 16, 10, 12, 12, 12, 10, 8, 6, 8, 4, 6, 8, 6, 6, 4, 6, 4, 4, 7, 4, 4, 2, 4, 6, 6, 6, 4, 4, 4, 4, 4, 0]
[37, 32, 29, 24, 22, 22, 18, 20, 19, 18, 17, 14, 14, 14, 14, 14, 12, 12, 10, 12, 12, 8, 8, 10, 10, 6, 9, 8, 8, 6, 4, 4, 4, 2, 2, 4, 2, 4, 2, 2, 2, 4, 4, 2, 2, 4, 2, 0]
[36, 35, 30, 27, 27, 27, 23, 23, 19, 19, 16, 16, 14, 14, 16, 13, 13, 13, 13, 13, 11, 12, 13, 11, 11, 11, 12, 9, 10, 10, 6, 6, 6, 8, 7, 4, 4, 4, 4, 2, 4, 2, 2, 0]
[37, 34, 32, 30, 27, 24, 25, 22, 22, 19, 18, 19, 12, 12, 10, 10, 8, 8, 8, 4, 4, 4, 4, 6, 6, 2, 6, 4, 4, 2, 2, 2, 2, 2, 2, 2, 2, 4, 4, 2, 2, 2, 2, 2, 4, 4, 4, 0]
[32, 32, 31, 27, 28, 28, 24, 23, 21, 21, 14, 14, 18, 16, 13, 13, 12, 10, 10, 10, 10, 7, 9, 7, 6, 6, 6, 4, 6, 5, 5, 4, 4, 4, 2, 2, 4, 2, 2, 4, 2, 0]
[37, 35, 32, 31, 28, 25, 27, 26, 23, 20, 16, 16, 13, 11, 11, 11, 11, 13, 10, 9, 9, 8, 9, 8, 6, 8, 6, 6, 4, 4, 4, 4, 4, 4, 2, 2, 2, 2, 2, 2, 4, 2, 2, 0]
[36, 31, 31, 30, 28, 22, 22, 22, 16, 18, 18, 14, 11, 10, 11, 11, 10, 8, 8, 6, 6, 4, 4, 4, 4, 4, 4, 2, 4, 4, 2, 4, 2, 2, 0]
[31, 30, 28, 30, 29, 27, 25, 23, 21, 21, 21, 18, 17, 15, 15, 12, 10, 10, 10, 10, 6, 4, 6, 6, 5, 5, 5, 5, 5, 6, 6, 4, 4, 2, 4, 2, 0]
[35, 29, 29, 29, 27, 17, 17, 21, 19, 19, 17, 16, 15, 13, 14, 14, 10, 8, 8, 4, 4, 8, 8, 8, 5, 5, 6, 6, 2, 2, 4, 4, 4, 4, 4, 0]
[38, 35, 31, 30, 30, 30, 27, 25, 26, 23, 22, 23, 18, 18, 15, 16, 14, 11, 7, 7, 7, 7, 7, 7, 6, 4, 4, 4, 2, 4, 4, 2, 2, 2, 2, 2, 2, 2, 2, 2, 2, 2, 2, 2, 2, 0]
[39, 35, 33, 30, 28, 24, 24, 22, 15, 15, 17, 17, 14, 14, 12, 12, 10, 10, 8, 8, 8, 6, 8, 6, 6, 6, 6, 6, 4, 4, 4, 6, 4, 2, 0]
[36, 34, 29, 29, 22, 23, 20, 17, 15, 12, 12, 12, 12, 12, 10, 10, 4, 4, 4, 4, 4, 4, 4, 4, 4, 4, 2, 2, 2, 2, 2, 2, 0]
[36, 36, 30, 27, 27, 27, 27, 25, 24, 22, 21, 20, 20, 18, 17, 16, 15, 14, 14, 14, 14, 14, 14, 14, 13, 12, 12, 12, 12, 12, 12, 11, 11, 10, 10, 10, 6, 6, 6, 8, 6, 6, 4, 6, 6, 6, 6, 2, 6, 6, 6, 6, 6, 4, 6, 6, 4, 2, 4, 2, 4, 4, 2, 0]
[37, 36, 28, 28, 29, 28, 19, 19, 19, 20, 16, 16, 16, 15, 15, 14, 12, 10, 8, 8, 7, 6, 6, 6, 6, 4, 4, 4, 4, 4, 2, 2, 2, 2, 2, 4, 2, 2, 2, 2, 4, 2, 2, 2, 2, 0]
[36, 35, 33, 32, 25, 25, 25, 21, 19, 20, 19, 16, 17, 18, 13, 16, 13, 14, 12, 8, 8, 6, 6, 4, 4, 4, 6, 6, 6, 4, 4, 4, 4, 4, 2, 2, 4, 4, 2, 2, 2, 0]
[38, 38, 32, 29, 27, 26, 21, 20, 21, 19, 16, 16, 13, 12, 12, 13, 9, 12, 8, 6, 8, 8, 7, 7, 6, 6, 6, 4, 6, 5, 5, 4, 4, 4, 4, 2, 2, 2, 2, 0]
[36, 33, 32, 30, 23, 23, 21, 20, 20, 18, 18, 12, 14, 12, 12, 10, 9, 9, 9, 10, 8, 8, 9, 6, 6, 6, 6, 6, 6, 6, 6, 6, 6, 2, 6, 4, 6, 4, 4, 4, 6, 6, 3, 3, 4, 2, 2, 2, 2, 0]
[35, 35, 30, 27, 25, 24, 22, 23, 18, 18, 17, 14, 15, 13, 8, 8, 6, 6, 6, 4, 4, 4, 4, 2, 2, 2, 2, 4, 2, 2, 2, 2, 2, 2, 2, 2, 0]
[39, 35, 34, 30, 28, 28, 28, 25, 22, 22, 18, 20, 18, 16, 16, 12, 14, 12, 10, 10, 10, 10, 10, 10, 10, 10, 8, 8, 8, 6, 6, 6, 8, 6, 6, 6, 6, 4, 4, 4, 4, 4, 4, 4, 4, 2, 2, 4, 2, 2, 0]
[32, 32, 30, 27, 27, 24, 22, 23, 22, 19, 21, 17, 18, 17, 13, 13, 13, 4, 4, 4, 4, 4, 4, 4, 2, 4, 2, 2, 2, 2, 0]
[34, 34, 30, 21, 21, 21, 20, 21, 19, 18, 16, 16, 15, 17, 15, 15, 11, 11, 11, 11, 9, 10, 10, 9, 8, 8, 8, 8, 4, 4, 4, 6, 6, 6, 6, 6, 6, 6, 6, 6, 4, 4, 4, 4, 0]
[32, 32, 25, 25, 24, 21, 23, 19, 17, 17, 15, 14, 13, 11, 12, 11, 8, 8, 8, 6, 6, 4, 6, 4, 4, 2, 4, 6, 4, 2, 4, 2, 2, 2, 2, 4, 0]
[37, 33, 28, 26, 23, 23, 23, 22, 21, 19, 17, 19, 17, 17, 17, 15, 13, 13, 11, 11, 11, 11, 11, 10, 10, 9, 10, 10, 8, 7, 8, 7, 6, 4, 4, 6, 8, 10, 6, 7, 7, 8, 7, 7, 5, 4, 4, 4, 4, 5, 6, 5, 5, 4, 4, 0]
[37, 35, 30, 30, 28, 22, 17, 21, 20, 19, 16, 16, 16, 10, 10, 10, 10, 8, 10, 8, 8, 6, 4, 6, 6, 4, 4, 4, 4, 4, 6, 2, 4, 4, 4, 4, 2, 2, 2, 4, 4, 4, 2, 0]
[34, 33, 33, 29, 25, 22, 20, 20, 18, 18, 16, 16, 16, 12, 14, 14, 8, 6, 6, 6, 6, 6, 6, 6, 4, 6, 6, 6, 6, 6, 2, 2, 2, 2, 2, 0]
[37, 35, 30, 30, 26, 24, 21, 20, 20, 20, 19, 17, 11, 9, 9, 9, 8, 6, 6, 5, 5, 5, 6, 6, 6, 4, 5, 5, 6, 2, 2, 2, 2, 2, 0]
[36, 36, 26, 26, 26, 25, 23, 23, 22, 18, 19, 19, 19, 17, 17, 17, 11, 9, 13, 12, 9, 9, 9, 9, 7, 8, 6, 6, 6, 4, 4, 4, 4, 4, 4, 4, 4, 2, 5, 4, 2, 2, 2, 4, 4, 0]
[29, 29, 26, 26, 22, 18, 15, 15, 14, 14, 12, 14, 13, 11, 11, 10, 6, 4, 8, 4, 6, 6, 4, 4, 2, 2, 2, 0]
[31, 31, 31, 29, 26, 26, 22, 22, 20, 20, 20, 18, 19, 19, 16, 15, 16, 12, 12, 12, 12, 10, 10, 8, 8, 10, 8, 9, 4, 4, 4, 2, 4, 4, 2, 2, 0]
[37, 35, 29, 29, 28, 24, 26, 18, 24, 20, 20, 17, 17, 14, 14, 14, 10, 10, 10, 8, 10, 10, 8, 8, 8, 6, 6, 4, 4, 4, 4, 6, 2, 4, 2, 4, 4, 4, 4, 4, 2, 2, 2, 2, 2, 2, 2, 2, 2, 2, 2, 0]
[38, 33, 29, 28, 25, 23, 21, 19, 16, 19, 18, 18, 16, 16, 16, 15, 13, 13, 11, 11, 11, 11, 10, 6, 6, 6, 10, 6, 2, 2, 2, 2, 2, 2, 0]
[38, 36, 34, 32, 21, 21, 21, 20, 19, 18, 18, 17, 16, 14, 10, 10, 10, 10, 8, 8, 10, 10, 10, 10, 8, 6, 6, 6, 6, 4, 4, 4, 4, 4, 4, 4, 4, 4, 2, 4, 4, 6, 4, 6, 2, 4, 4, 4, 4, 4, 4, 4, 2, 2, 2, 6, 2, 2, 2, 2, 2, 2, 2, 0]
[31, 31, 31, 29, 27, 25, 25, 16, 18, 18, 18, 16, 17, 14, 9, 15, 9, 7, 7, 7, 7, 7, 7, 5, 6, 6, 6, 6, 6, 4, 4, 2, 0]
[32, 30, 30, 25, 23, 21, 22, 22, 20, 19, 18, 12, 14, 14, 12, 6, 8, 8, 8, 8, 4, 4, 4, 2, 6, 4, 4, 4, 4, 4, 4, 4, 4, 4, 2, 2, 2, 4, 2, 2, 4, 4, 2, 2, 2, 0]
[35, 35, 33, 31, 29, 27, 25, 26, 23, 20, 20, 18, 17, 15, 11, 11, 11, 11, 11, 10, 11, 10, 10, 10, 6, 6, 6, 4, 4, 6, 6, 4, 4, 4, 2, 2, 2, 0]
[36, 34, 34, 33, 32, 30, 29, 27, 27, 26, 20, 20, 20, 19, 17, 15, 16, 15, 16, 15, 15, 11, 11, 11, 11, 11, 10, 10, 10, 10, 6, 6, 4, 8, 6, 6, 4, 4, 4, 2, 2, 4, 4, 2, 2, 4, 2, 4, 4, 4, 3, 2, 2, 2, 2, 2, 2, 2, 4, 2, 2, 0]
[36, 30, 27, 23, 22, 23, 23, 23, 22, 20, 18, 18, 14, 13, 14, 13, 16, 12, 12, 12, 8, 8, 6, 4, 6, 6, 6, 6, 6, 6, 6, 4, 4, 4, 4, 4, 4, 4, 2, 2, 2, 2, 2, 2, 2, 2, 0]
[38, 36, 34, 28, 27, 27, 24, 22, 16, 19, 18, 18, 17, 16, 15, 14, 10, 10, 10, 11, 11, 11, 11, 10, 6, 6, 6, 6, 7, 6, 6, 4, 4, 6, 6, 4, 4, 4, 4, 4, 4, 2, 4, 0]
[33, 30, 30, 27, 27, 27, 26, 25, 24, 23, 20, 15, 15, 16, 14, 14, 15, 12, 13, 13, 13, 13, 12, 8, 8, 8, 8, 8, 8, 4, 8, 8, 7, 4, 6, 6, 6, 4, 4, 4, 0]
[35, 29, 30, 30, 25, 26, 26, 26, 24, 23, 22, 21, 22, 20, 19, 21, 18, 17, 18, 18, 17, 16, 14, 14, 14, 16, 15, 12, 10, 8, 10, 10, 6, 6, 7, 6, 6, 6, 6, 6, 6, 6, 6, 4, 6, 6, 6, 6, 4, 6, 6, 6, 4, 4, 0]
[37, 36, 27, 25, 23, 21, 20, 20, 20, 18, 17, 15, 14, 13, 13, 12, 10, 10, 8, 8, 10, 9, 7, 9, 6, 8, 9, 9, 5, 5, 5, 4, 2, 2, 2, 2, 2, 0]
[30, 28, 28, 30, 26, 26, 24, 22, 22, 19, 18, 14, 14, 13, 12, 12, 12, 6, 10, 8, 6, 6, 6, 4, 6, 4, 4, 2, 2, 2, 2, 2, 4, 2, 2, 2, 0]
[35, 35, 31, 30, 29, 25, 22, 23, 18, 19, 14, 14, 12, 12, 8, 8, 8, 4, 4, 4, 4, 4, 2, 2, 0]
[38, 35, 33, 28, 28, 26, 24, 23, 23, 20, 20, 18, 16, 16, 11, 13, 11, 11, 11, 7, 7, 7, 7, 6, 7, 6, 7, 4, 6, 4, 4, 4, 4, 2, 4, 4, 3, 4, 4, 4, 4, 4, 3, 0]
[34, 29, 30, 28, 28, 26, 22, 20, 22, 20, 21, 20, 17, 17, 17, 17, 15, 13, 11, 13, 9, 11, 11, 10, 12, 8, 10, 2, 2, 2, 2, 4, 4, 2, 2, 4, 4, 4, 0]
