[50.56666666666667, 46.2, 43.166666666666664, 40.266666666666666, 38.25333333333333, 34.946666666666665, 32.026666666666664, 29.886666666666667, 28.35333333333333, 25.64, 23.573333333333334, 22.2, 21.186666666666667, 20.14, 18.76, 18.326666666666668, 18.0, 17.746666666666666, 17.14, 16.246666666666666, 16.46, 14.593333333333334, 13.846666666666666, 13.673333333333334, 12.526666666666667, 12.766666666666667, 12.866666666666667, 12.746666666666666, 12.346666666666666, 11.993333333333334, 12.073333333333334]
[51.38, 47.68, 44.593333333333334, 41.16, 38.986666666666665, 36.78, 35.44, 33.17333333333333, 31.613333333333333, 30.013333333333332, 28.5, 26.686666666666667, 25.56, 24.153333333333332, 23.186666666666667, 21.486666666666668, 20.513333333333332, 18.966666666666665, 17.773333333333333, 15.54, 14.146666666666667, 13.34, 12.54, 12.366666666666667, 12.026666666666667, 11.673333333333334, 12.206666666666667, 12.66, 13.473333333333333, 13.3, 12.76, 12.533333333333333, 11.9, 12.146666666666667, 13.253333333333334]
[51.5, 46.526666666666664, 42.666666666666664, 40.00666666666667, 37.72, 35.86, 34.86666666666667, 32.78666666666667, 30.69333333333333, 27.96, 26.173333333333332, 25.266666666666666, 23.69333333333333, 23.966666666666665, 22.253333333333334, 21.246666666666666, 19.466666666666665, 19.26, 18.173333333333332, 16.933333333333334, 16.653333333333332, 16.706666666666667, 16.406666666666666, 15.853333333333333, 15.7, 15.34, 15.346666666666666, 15.293333333333333, 15.08, 15.3, 15.06, 14.98, 14.78, 14.513333333333334, 14.053333333333333]
[52.3, 47.553333333333335, 44.8, 42.34, 40.10666666666667, 37.733333333333334, 36.07333333333333, 33.946666666666665, 31.473333333333333, 28.213333333333335, 26.433333333333334, 25.02, 23.8, 23.266666666666666, 21.313333333333333, 21.0, 19.906666666666666, 19.38, 18.313333333333333, 16.586666666666666, 16.173333333333332, 15.646666666666667, 15.46, 14.226666666666667, 12.493333333333334, 12.38, 12.0]
[52.06, 48.17333333333333, 45.10666666666667, 42.906666666666666, 40.586666666666666, 38.14666666666667, 36.093333333333334, 35.06666666666667, 33.63333333333333, 32.67333333333333, 31.38, 29.826666666666668, 28.913333333333334, 27.80666666666667, 27.026666666666667, 25.406666666666666, 24.653333333333332, 24.28, 23.42, 21.44, 20.466666666666665, 18.713333333333335, 17.953333333333333, 17.673333333333332, 17.013333333333332, 17.44, 16.9, 16.606666666666666, 15.82, 14.833333333333334, 14.08, 14.2, 14.206666666666667, 13.94, 13.173333333333334, 13.173333333333334, 12.406666666666666]
[50.98, 46.46, 42.54, 39.72, 37.486666666666665, 35.32, 33.46666666666667, 31.793333333333333, 29.64666666666667, 28.493333333333332, 26.793333333333333, 25.766666666666666, 24.68, 23.846666666666668, 23.126666666666665, 21.68, 20.486666666666668, 20.493333333333332, 19.34, 19.58, 18.14666666666667, 18.073333333333334, 17.18, 16.466666666666665, 17.526666666666667, 16.773333333333333, 16.086666666666666, 16.0, 15.866666666666667, 15.9, 16.273333333333333, 15.846666666666666, 15.58, 15.373333333333333, 16.153333333333332, 15.9, 15.753333333333334, 15.946666666666667, 15.953333333333333, 15.733333333333333, 15.266666666666667, 14.806666666666667, 14.446666666666667, 14.4, 14.18, 13.813333333333333, 13.233333333333333, 13.193333333333333, 12.753333333333334, 12.473333333333333]
[51.333333333333336, 46.98, 43.34, 40.31333333333333, 38.153333333333336, 35.346666666666664, 33.24666666666667, 31.006666666666668, 28.566666666666666, 26.046666666666667, 24.54, 23.22, 22.653333333333332, 21.226666666666667, 20.886666666666667, 20.26, 19.0, 18.346666666666668, 17.253333333333334, 16.833333333333332, 15.553333333333333, 15.1, 15.226666666666667, 14.033333333333333, 13.673333333333334, 12.706666666666667, 12.673333333333334, 13.526666666666667, 13.713333333333333, 13.3, 13.54, 13.073333333333334, 13.533333333333333, 13.313333333333333, 13.053333333333333, 12.966666666666667, 13.453333333333333, 13.96, 13.353333333333333]
[50.75333333333333, 46.806666666666665, 43.593333333333334, 41.693333333333335, 39.89333333333333, 37.473333333333336, 35.42, 34.43333333333333, 32.693333333333335, 30.913333333333334, 29.58, 28.68, 27.18, 24.94, 23.513333333333332, 21.573333333333334, 20.606666666666666, 19.42, 18.22, 17.553333333333335, 16.913333333333334, 16.62, 15.333333333333334, 14.98, 14.793333333333333, 14.653333333333334, 14.166666666666666, 14.22, 14.333333333333334, 14.333333333333334, 13.606666666666667, 12.953333333333333, 12.606666666666667, 13.22, 13.826666666666666, 12.786666666666667, 12.12, 12.686666666666667, 13.366666666666667, 12.58, 12.626666666666667, 11.94, 12.253333333333334, 12.253333333333334, 11.433333333333334]
[51.733333333333334, 47.00666666666667, 44.22, 41.56666666666667, 39.166666666666664, 37.166666666666664, 34.43333333333333, 32.86, 31.253333333333334, 29.113333333333333, 27.906666666666666, 26.566666666666666, 25.033333333333335, 23.033333333333335, 22.80666666666667, 21.54, 20.526666666666667, 19.326666666666668, 17.58, 17.113333333333333, 15.973333333333333, 15.353333333333333, 14.786666666666667, 14.26, 13.926666666666666, 13.886666666666667, 13.04, 12.826666666666666, 13.14, 12.446666666666667, 11.62, 11.36, 12.093333333333334, 12.266666666666667, 11.633333333333333, 11.506666666666666, 10.82, 10.8, 11.6, 11.706666666666667, 11.66, 11.833333333333334]
[51.22, 46.693333333333335, 43.126666666666665, 40.28, 38.11333333333334, 35.88, 34.72, 33.26, 31.08, 29.106666666666666, 26.64666666666667, 25.086666666666666, 22.513333333333332, 20.86, 18.486666666666668, 17.153333333333332, 16.153333333333332, 15.173333333333334, 14.293333333333333, 14.1, 13.24, 13.353333333333333, 13.886666666666667, 13.746666666666666, 13.566666666666666, 13.08, 13.193333333333333, 12.806666666666667, 12.906666666666666, 12.586666666666666, 12.273333333333333, 12.6, 13.026666666666667, 12.98, 13.066666666666666, 12.506666666666666, 11.366666666666667, 11.953333333333333, 11.833333333333334]
[51.42666666666667, 46.733333333333334, 42.54, 39.38, 36.96666666666667, 35.27333333333333, 33.446666666666665, 31.733333333333334, 29.653333333333332, 28.453333333333333, 26.773333333333333, 25.766666666666666, 24.606666666666666, 23.246666666666666, 22.006666666666668, 21.54, 19.96, 19.126666666666665, 17.753333333333334, 17.506666666666668, 16.453333333333333, 15.833333333333334, 14.733333333333333, 13.98, 13.88, 14.013333333333334, 13.4, 13.6, 13.146666666666667, 11.893333333333333, 13.053333333333333, 12.713333333333333, 13.053333333333333, 12.78, 13.2, 13.06, 12.986666666666666, 12.44, 12.34, 11.98, 12.46, 12.14, 12.246666666666666, 12.193333333333333, 12.326666666666666, 12.393333333333333, 12.62, 11.806666666666667, 12.12]
[51.28, 46.86666666666667, 43.92666666666667, 41.39333333333333, 39.193333333333335, 36.526666666666664, 34.913333333333334, 32.85333333333333, 31.426666666666666, 29.546666666666667, 26.69333333333333, 24.686666666666667, 22.953333333333333, 21.966666666666665, 20.44, 18.866666666666667, 17.46, 16.08, 15.933333333333334, 16.38, 15.873333333333333, 15.886666666666667, 15.506666666666666, 15.12, 15.2, 14.286666666666667, 14.22, 12.873333333333333, 12.993333333333334, 12.22, 12.36, 12.2]
[51.42666666666667, 47.58, 44.38, 41.46, 38.946666666666665, 36.013333333333335, 33.833333333333336, 32.053333333333335, 30.68, 29.426666666666666, 28.44, 27.406666666666666, 26.8, 26.18, 24.86, 23.793333333333333, 23.133333333333333, 22.9, 22.30666666666667, 21.666666666666668, 21.066666666666666, 20.1, 18.913333333333334, 17.706666666666667, 17.326666666666668, 16.78, 17.106666666666666, 16.273333333333333, 15.84, 15.26, 13.913333333333334, 13.506666666666666, 13.646666666666667, 13.22, 12.706666666666667]
[51.68666666666667, 48.1, 44.86, 41.21333333333333, 38.98, 37.07333333333333, 35.60666666666667, 33.92666666666667, 31.18, 28.346666666666668, 26.08, 23.96, 22.2, 21.26, 20.633333333333333, 19.966666666666665, 19.36, 19.30666666666667, 18.593333333333334, 17.78, 16.493333333333332, 16.24, 15.24, 14.626666666666667, 14.293333333333333, 12.813333333333333, 13.086666666666666, 13.173333333333334]
[50.43333333333333, 45.3, 40.28, 37.733333333333334, 35.653333333333336, 32.96, 30.64666666666667, 28.273333333333333, 24.573333333333334, 21.46, 20.24, 18.913333333333334, 18.18, 17.7, 16.486666666666668, 15.48, 14.113333333333333, 13.073333333333334, 12.12, 12.513333333333334, 11.76, 11.0, 10.973333333333333, 10.293333333333333, 10.66, 10.68, 11.006666666666666, 11.18]
[50.653333333333336, 46.373333333333335, 42.74, 40.46, 37.806666666666665, 36.45333333333333, 34.833333333333336, 33.32666666666667, 32.17333333333333, 30.893333333333334, 29.886666666666667, 29.406666666666666, 28.46, 27.08, 25.186666666666667, 24.186666666666667, 22.786666666666665, 21.16, 20.593333333333334, 19.866666666666667, 19.026666666666667, 18.546666666666667, 17.84, 16.906666666666666, 15.466666666666667, 14.373333333333333, 14.033333333333333, 14.36, 13.98, 14.146666666666667, 14.02, 13.76, 14.013333333333334, 14.173333333333334, 13.613333333333333, 13.493333333333334, 13.613333333333333, 12.446666666666667, 13.073333333333334, 13.133333333333333]
[51.693333333333335, 47.10666666666667, 43.486666666666665, 41.513333333333335, 38.72666666666667, 36.36666666666667, 33.5, 30.733333333333334, 28.78, 26.766666666666666, 25.833333333333332, 24.653333333333332, 23.666666666666668, 23.173333333333332, 21.84, 20.866666666666667, 19.773333333333333, 19.553333333333335, 20.36, 20.166666666666668, 19.0, 19.2, 18.92, 17.773333333333333, 17.053333333333335, 15.933333333333334, 15.78, 15.873333333333333, 15.673333333333334, 14.726666666666667, 14.526666666666667, 15.18, 14.273333333333333]
[51.86666666666667, 47.36, 43.36, 40.17333333333333, 38.49333333333333, 36.67333333333333, 34.693333333333335, 33.03333333333333, 31.64666666666667, 28.96, 27.626666666666665, 26.133333333333333, 24.793333333333333, 23.28, 21.506666666666668, 20.766666666666666, 19.653333333333332, 18.82, 17.846666666666668, 17.393333333333334, 17.54, 17.386666666666667, 16.426666666666666, 15.52, 15.226666666666667, 14.793333333333333, 14.44, 13.42, 13.3, 13.24, 12.406666666666666, 12.54, 12.88, 11.926666666666666, 11.546666666666667, 10.966666666666667, 10.933333333333334, 10.486666666666666, 10.513333333333334, 11.473333333333333, 12.133333333333333, 12.053333333333333, 12.026666666666667, 12.08, 11.666666666666666]
[51.14, 46.04666666666667, 42.9, 40.10666666666667, 37.84, 35.79333333333334, 33.35333333333333, 31.466666666666665, 30.22, 29.186666666666667, 27.606666666666666, 26.76, 25.793333333333333, 24.506666666666668, 22.48, 22.5, 21.88, 20.566666666666666, 19.4, 17.88, 16.213333333333335, 15.26, 13.793333333333333, 13.246666666666666, 12.706666666666667, 12.94, 12.26, 12.7, 12.173333333333334, 11.773333333333333, 11.54, 11.306666666666667, 11.253333333333334, 10.313333333333333, 10.993333333333334]
[52.64, 46.96, 43.60666666666667, 41.31333333333333, 39.12, 36.913333333333334, 34.32666666666667, 32.32, 30.5, 29.053333333333335, 27.8, 26.92, 26.013333333333332, 25.033333333333335, 24.326666666666668, 23.886666666666667, 23.013333333333332, 22.766666666666666, 22.153333333333332, 21.413333333333334, 20.266666666666666, 20.2, 19.82, 19.206666666666667, 18.093333333333334, 17.666666666666668, 16.573333333333334, 16.35333333333333, 16.606666666666666, 16.346666666666668, 16.2, 15.86, 13.72, 12.9, 13.213333333333333, 12.573333333333334, 12.513333333333334, 11.9, 12.453333333333333, 12.433333333333334, 12.346666666666666, 12.52]
[52.04, 47.04, 44.1, 41.35333333333333, 39.986666666666665, 37.92, 36.086666666666666, 34.50666666666667, 32.72, 31.1, 30.19333333333333, 29.14, 28.12, 25.293333333333333, 21.826666666666668, 19.766666666666666, 19.033333333333335, 17.966666666666665, 17.366666666666667, 16.866666666666667, 15.926666666666666, 16.313333333333333, 15.866666666666667, 15.08, 14.726666666666667, 14.453333333333333, 14.22, 13.546666666666667, 12.526666666666667, 13.013333333333334, 12.726666666666667, 12.746666666666666, 12.673333333333334, 12.18, 12.413333333333334, 12.34, 12.22, 11.826666666666666, 12.106666666666667, 11.973333333333333, 11.746666666666666, 11.28, 10.973333333333333, 10.753333333333334, 10.733333333333333, 11.086666666666666, 11.266666666666667, 11.44, 11.7, 12.02, 12.306666666666667, 12.453333333333333, 12.026666666666667, 11.946666666666667]
[51.053333333333335, 46.66, 42.82666666666667, 39.82, 37.11333333333334, 34.62, 32.38666666666666, 30.433333333333334, 28.953333333333333, 28.273333333333333, 26.173333333333332, 24.68, 23.013333333333332, 21.80666666666667, 20.76, 19.84, 19.7, 18.933333333333334, 18.093333333333334, 17.28, 17.246666666666666, 17.213333333333335, 16.96, 17.113333333333333, 17.213333333333335, 16.466666666666665, 16.073333333333334, 16.186666666666667, 15.9, 15.32, 14.433333333333334]
[51.20666666666666, 47.06666666666667, 43.086666666666666, 40.5, 38.766666666666666, 37.07333333333333, 35.653333333333336, 34.32666666666667, 32.833333333333336, 31.606666666666666, 30.766666666666666, 29.373333333333335, 28.066666666666666, 26.94, 25.22, 24.813333333333333, 24.1, 23.30666666666667, 22.653333333333332, 21.753333333333334, 20.793333333333333, 20.373333333333335, 19.32, 18.62, 17.98, 17.9, 17.253333333333334, 17.286666666666665, 16.013333333333332, 14.466666666666667, 14.246666666666666, 13.32, 12.96, 13.766666666666667, 12.933333333333334, 12.98, 12.353333333333333, 11.886666666666667, 11.54, 12.76, 12.06, 12.133333333333333, 12.646666666666667]
[50.75333333333333, 46.946666666666665, 43.56666666666667, 41.486666666666665, 39.54, 37.28, 36.56, 34.666666666666664, 34.22, 32.61333333333334, 30.82, 30.073333333333334, 28.626666666666665, 27.28, 25.46, 23.30666666666667, 21.3, 19.873333333333335, 18.4, 18.973333333333333, 18.213333333333335, 17.466666666666665, 16.2]
[51.22, 47.14666666666667, 43.88666666666666, 40.77333333333333, 38.58, 36.766666666666666, 34.68, 31.666666666666668, 28.993333333333332, 27.62, 26.106666666666666, 25.253333333333334, 24.32, 23.093333333333334, 22.553333333333335, 21.666666666666668, 21.486666666666668, 20.08, 19.673333333333332, 19.553333333333335, 18.84, 19.02, 18.92, 18.126666666666665, 17.313333333333333, 16.786666666666665, 17.453333333333333, 17.66, 17.46, 17.086666666666666, 15.7, 14.52, 13.813333333333333, 13.1, 13.18, 12.8, 12.493333333333334, 12.7, 12.18]
[51.0, 46.346666666666664, 43.48, 40.086666666666666, 38.20666666666666, 35.72, 33.61333333333334, 31.92, 30.766666666666666, 29.753333333333334, 28.52, 27.56, 26.786666666666665, 26.4, 25.48, 24.666666666666668, 24.626666666666665, 23.84, 23.18, 21.85333333333333, 21.6, 21.06, 20.473333333333333, 19.333333333333332, 18.426666666666666, 17.80666666666667, 15.526666666666667, 15.066666666666666, 14.12, 13.453333333333333]
[51.72, 47.14, 42.486666666666665, 39.333333333333336, 36.986666666666665, 34.53333333333333, 32.913333333333334, 30.706666666666667, 29.44, 28.966666666666665, 28.04, 27.626666666666665, 26.44, 24.626666666666665, 23.773333333333333, 22.966666666666665, 22.46, 22.053333333333335, 20.826666666666668, 20.273333333333333, 19.926666666666666, 19.16, 18.373333333333335, 17.906666666666666, 17.613333333333333, 16.613333333333333, 16.546666666666667, 16.94, 16.766666666666666, 15.926666666666666, 15.273333333333333, 15.166666666666666, 14.806666666666667, 14.7, 13.746666666666666, 12.553333333333333, 12.88, 11.72, 12.406666666666666, 12.68, 12.833333333333334, 12.386666666666667, 12.366666666666667, 11.573333333333334, 11.18, 11.393333333333333, 12.386666666666667, 12.8, 12.02, 12.373333333333333, 13.273333333333333, 12.933333333333334, 12.833333333333334, 12.533333333333333, 12.246666666666666]
[50.67333333333333, 46.04666666666667, 42.24, 39.14, 36.72666666666667, 35.026666666666664, 33.04, 31.513333333333332, 29.673333333333332, 28.66, 27.413333333333334, 26.86, 26.22, 25.35333333333333, 24.313333333333333, 23.966666666666665, 22.86, 22.48, 21.533333333333335, 20.226666666666667, 19.746666666666666, 20.126666666666665, 18.76, 18.166666666666668, 17.786666666666665, 17.893333333333334, 17.153333333333332, 16.466666666666665, 16.42, 15.166666666666666, 15.173333333333334, 14.066666666666666, 13.5, 12.88, 12.446666666666667]
[51.666666666666664, 47.9, 44.34, 41.333333333333336, 38.946666666666665, 36.78, 34.54, 33.12, 31.64666666666667, 29.986666666666668, 28.846666666666668, 27.326666666666668, 26.38, 24.84, 24.80666666666667, 24.04, 22.906666666666666, 22.173333333333332, 21.273333333333333, 21.48, 20.466666666666665, 20.08, 20.133333333333333, 19.893333333333334, 19.74, 19.62, 19.473333333333333, 18.493333333333332, 18.34, 18.14, 17.686666666666667, 16.953333333333333, 16.5, 15.96, 15.04, 14.986666666666666, 14.333333333333334, 13.986666666666666, 13.446666666666667, 13.213333333333333, 13.626666666666667, 13.8, 13.553333333333333, 13.533333333333333, 13.54, 12.113333333333333, 11.64, 12.413333333333334, 12.173333333333334, 12.48, 11.966666666666667, 11.666666666666666, 11.733333333333333, 13.193333333333333, 12.88, 12.653333333333334, 12.44, 12.666666666666666, 12.32, 12.78, 12.306666666666667, 12.506666666666666, 11.9, 11.88, 11.746666666666666]
[51.24666666666667, 46.913333333333334, 43.49333333333333, 40.68666666666667, 38.12, 34.333333333333336, 32.266666666666666, 30.133333333333333, 28.64, 27.526666666666667, 26.233333333333334, 25.02, 23.906666666666666, 22.473333333333333, 21.913333333333334, 21.44, 20.433333333333334, 19.92, 19.406666666666666, 19.286666666666665, 18.266666666666666, 17.186666666666667, 16.566666666666666, 16.866666666666667, 16.38, 16.766666666666666, 16.58, 16.273333333333333, 15.773333333333333, 15.133333333333333, 13.966666666666667, 14.253333333333334, 13.86, 13.38, 12.686666666666667, 12.693333333333333, 12.293333333333333, 12.266666666666667, 13.14, 12.9, 12.86, 12.313333333333333, 12.146666666666667, 12.253333333333334, 11.966666666666667, 11.42, 11.44, 11.526666666666667, 11.72]
[51.2, 46.693333333333335, 43.17333333333333, 39.92666666666667, 38.053333333333335, 36.14, 33.946666666666665, 32.99333333333333, 31.006666666666668, 29.946666666666665, 28.32, 26.46, 25.3, 24.48, 24.046666666666667, 23.38, 22.32, 21.6, 20.38, 19.886666666666667, 19.213333333333335, 19.286666666666665, 18.553333333333335, 18.473333333333333, 18.433333333333334, 17.706666666666667, 16.513333333333332, 15.76, 14.98, 14.166666666666666, 14.613333333333333, 14.053333333333333, 13.353333333333333, 13.233333333333333, 12.106666666666667, 11.88, 11.66]
[51.526666666666664, 47.333333333333336, 43.806666666666665, 41.266666666666666, 39.0, 36.8, 34.306666666666665, 31.54, 30.346666666666668, 29.406666666666666, 28.69333333333333, 27.926666666666666, 26.68, 25.14666666666667, 24.786666666666665, 24.786666666666665, 23.833333333333332, 23.96, 23.373333333333335, 22.966666666666665, 22.513333333333332, 21.513333333333332, 21.006666666666668, 20.12, 19.493333333333332, 18.98, 18.58, 18.4, 17.86, 17.16, 17.52, 16.513333333333332, 16.88, 16.846666666666668, 16.706666666666667, 16.326666666666668, 16.606666666666666, 15.84, 15.413333333333334, 15.313333333333333, 15.22, 14.693333333333333, 14.313333333333333, 13.58, 12.993333333333334, 12.713333333333333, 12.773333333333333, 12.826666666666666, 12.533333333333333, 12.313333333333333, 11.78, 11.873333333333333, 12.026666666666667, 12.12, 11.246666666666666, 11.066666666666666, 11.293333333333333]
[51.513333333333335, 47.43333333333333, 44.67333333333333, 42.0, 38.833333333333336, 36.38, 34.693333333333335, 32.333333333333336, 30.706666666666667, 29.6, 28.1, 25.846666666666668, 24.466666666666665, 22.793333333333333, 20.22, 19.106666666666666, 18.066666666666666, 17.14, 16.513333333333332, 16.213333333333335, 16.30666666666667, 15.92, 14.933333333333334, 14.82, 15.493333333333334, 14.573333333333334, 13.62, 14.193333333333333, 13.333333333333334, 13.346666666666666, 13.813333333333333, 14.273333333333333, 14.333333333333334, 13.866666666666667, 13.666666666666666, 14.033333333333333, 14.0, 13.766666666666667, 13.246666666666666, 13.006666666666666, 13.506666666666666, 13.226666666666667, 13.133333333333333, 13.353333333333333, 12.326666666666666, 12.04, 12.206666666666667, 11.713333333333333, 11.1, 10.593333333333334]
[51.22, 45.766666666666666, 40.95333333333333, 37.45333333333333, 34.98, 32.806666666666665, 31.186666666666667, 30.206666666666667, 28.846666666666668, 27.04, 25.04, 24.166666666666668, 22.626666666666665, 21.28, 20.846666666666668, 20.413333333333334, 19.666666666666668, 18.273333333333333, 17.173333333333332, 17.64, 17.033333333333335, 16.6, 15.673333333333334, 15.44, 14.72, 14.806666666666667, 14.633333333333333, 14.826666666666666, 14.18, 14.02, 13.026666666666667, 12.513333333333334, 12.266666666666667, 11.786666666666667, 11.686666666666667, 11.78, 12.086666666666666, 11.946666666666667, 11.8]
[51.27333333333333, 47.64666666666667, 44.406666666666666, 40.913333333333334, 38.18, 36.52, 34.88666666666666, 33.43333333333333, 32.67333333333333, 31.066666666666666, 29.1, 28.046666666666667, 26.753333333333334, 25.246666666666666, 23.846666666666668, 22.8, 22.14, 21.546666666666667, 20.413333333333334, 19.206666666666667, 18.633333333333333, 18.113333333333333, 17.38, 16.753333333333334, 16.073333333333334, 15.64, 14.906666666666666, 15.086666666666666, 14.66, 14.433333333333334, 14.653333333333334, 13.766666666666667, 14.026666666666667, 13.586666666666666, 14.206666666666667, 14.026666666666667, 14.28, 13.6, 13.573333333333334, 13.373333333333333, 13.946666666666667, 13.786666666666667, 12.933333333333334, 13.16, 12.673333333333334, 11.446666666666667, 11.586666666666666, 11.513333333333334, 11.406666666666666, 12.226666666666667, 12.46, 13.353333333333333, 13.44, 13.14, 13.4, 13.56, 13.493333333333334, 12.626666666666667, 13.006666666666666, 12.86, 12.52, 12.106666666666667, 12.913333333333334, 12.693333333333333, 12.593333333333334, 12.546666666666667, 13.3, 12.38]
[51.61333333333334, 46.54666666666667, 42.906666666666666, 40.32666666666667, 38.36, 36.906666666666666, 35.473333333333336, 34.913333333333334, 33.26, 32.526666666666664, 31.48, 29.80666666666667, 28.833333333333332, 27.526666666666667, 25.98, 24.76, 23.126666666666665, 21.973333333333333, 21.613333333333333, 21.026666666666667, 19.406666666666666, 19.32, 19.093333333333334, 19.093333333333334, 18.28, 18.413333333333334, 18.52, 18.206666666666667, 18.32, 17.686666666666667, 17.64666666666667, 18.053333333333335, 17.766666666666666, 16.886666666666667, 16.24, 15.36, 14.62, 14.273333333333333, 14.433333333333334, 14.6, 14.56]
[51.58, 46.29333333333334, 42.20666666666666, 38.75333333333333, 36.61333333333334, 35.10666666666667, 33.68, 31.80666666666667, 29.66, 27.28, 25.933333333333334, 25.4, 24.293333333333333, 22.85333333333333, 21.753333333333334, 20.866666666666667, 20.506666666666668, 19.413333333333334, 18.85333333333333, 18.32, 17.0, 15.866666666666667, 15.06, 15.0, 14.633333333333333, 14.066666666666666, 12.713333333333333, 12.42, 12.933333333333334, 13.16, 12.32, 12.0, 12.6, 12.34, 12.16, 11.76, 11.386666666666667, 11.3]
[51.63333333333333, 46.873333333333335, 43.46666666666667, 40.6, 38.66, 37.06, 34.86, 32.79333333333334, 30.533333333333335, 28.34, 25.966666666666665, 25.69333333333333, 24.4, 23.286666666666665, 22.426666666666666, 21.526666666666667, 20.98, 19.586666666666666, 19.393333333333334, 18.18, 17.64666666666667, 17.933333333333334, 17.426666666666666, 17.266666666666666, 16.80666666666667, 16.893333333333334, 17.386666666666667, 17.673333333333332, 17.5, 17.34, 17.266666666666666, 17.433333333333334, 17.68, 16.72, 15.446666666666667, 15.62, 15.953333333333333, 14.426666666666666, 14.613333333333333, 14.34, 13.826666666666666, 13.673333333333334, 13.473333333333333, 12.52, 11.006666666666666, 11.833333333333334]
[50.406666666666666, 44.71333333333333, 40.70666666666666, 36.78, 34.29333333333334, 31.933333333333334, 29.813333333333333, 28.366666666666667, 27.813333333333333, 26.933333333333334, 25.813333333333333, 25.02, 24.473333333333333, 23.833333333333332, 23.413333333333334, 22.766666666666666, 22.633333333333333, 22.246666666666666, 22.113333333333333, 21.24, 20.206666666666667, 18.846666666666668, 19.013333333333332, 18.366666666666667, 17.493333333333332, 17.606666666666666, 17.14666666666667, 16.833333333333332, 16.086666666666666, 15.873333333333333, 14.5, 14.56, 13.626666666666667]
[50.986666666666665, 46.586666666666666, 43.10666666666667, 41.02, 39.07333333333333, 37.446666666666665, 35.46666666666667, 33.57333333333333, 31.3, 29.66, 27.046666666666667, 25.586666666666666, 24.453333333333333, 22.073333333333334, 20.053333333333335, 18.653333333333332, 17.986666666666668, 16.026666666666667, 15.8, 15.433333333333334, 13.98, 13.173333333333334, 13.353333333333333]
[50.733333333333334, 45.43333333333333, 42.666666666666664, 39.9, 37.38666666666666, 34.5, 32.99333333333333, 31.26, 30.093333333333334, 27.66, 25.88, 23.913333333333334, 22.393333333333334, 21.173333333333332, 20.106666666666666, 19.16, 18.226666666666667, 16.84, 15.713333333333333, 15.086666666666666, 15.353333333333333, 14.713333333333333, 14.266666666666667, 14.393333333333333, 14.32, 14.42, 14.06, 13.973333333333333, 12.98, 13.006666666666666, 11.866666666666667, 11.386666666666667, 11.406666666666666, 11.72, 12.113333333333333, 11.92, 11.68, 11.6, 11.533333333333333, 11.56, 11.133333333333333, 11.16, 11.206666666666667, 11.466666666666667, 11.326666666666666, 10.48]
[51.58, 46.833333333333336, 43.82, 40.8, 38.45333333333333, 36.333333333333336, 34.86666666666667, 33.14666666666667, 31.986666666666668, 31.086666666666666, 30.213333333333335, 28.873333333333335, 27.846666666666668, 27.08, 26.166666666666668, 24.426666666666666, 23.006666666666668, 21.566666666666666, 20.673333333333332, 18.926666666666666, 17.526666666666667, 16.673333333333332, 17.0, 16.486666666666668, 15.386666666666667, 14.24, 13.053333333333333, 11.226666666666667, 11.786666666666667, 12.593333333333334, 12.48]
[51.873333333333335, 47.38666666666666, 44.193333333333335, 41.1, 39.38, 37.1, 35.013333333333335, 32.89333333333333, 31.393333333333334, 30.073333333333334, 28.30666666666667, 26.393333333333334, 26.226666666666667, 25.86, 25.35333333333333, 24.593333333333334, 24.5, 23.506666666666668, 22.80666666666667, 22.333333333333332, 21.5, 20.7, 20.226666666666667, 19.506666666666668, 19.19333333333333, 18.966666666666665, 18.46, 18.086666666666666, 17.933333333333334, 17.24, 16.786666666666665]
[51.49333333333333, 47.11333333333334, 43.95333333333333, 40.513333333333335, 38.48, 37.00666666666667, 35.54, 33.67333333333333, 31.6, 30.046666666666667, 28.46, 27.246666666666666, 26.04, 25.033333333333335, 23.753333333333334, 23.266666666666666, 23.153333333333332, 22.673333333333332, 21.433333333333334, 21.2, 20.006666666666668, 19.246666666666666, 18.56, 16.793333333333333, 14.933333333333334, 14.68, 14.726666666666667, 14.366666666666667, 13.78, 13.833333333333334, 13.693333333333333, 13.473333333333333, 13.433333333333334, 13.186666666666667, 12.706666666666667, 12.88, 13.086666666666666, 13.36, 12.753333333333334, 12.293333333333333, 12.273333333333333, 11.773333333333333]
[50.88, 46.126666666666665, 42.24666666666667, 40.07333333333333, 36.78666666666667, 34.17333333333333, 31.866666666666667, 30.566666666666666, 28.953333333333333, 27.19333333333333, 25.746666666666666, 24.56, 23.166666666666668, 22.28, 22.12, 21.133333333333333, 19.78, 18.933333333333334, 18.533333333333335, 18.26, 17.813333333333333, 17.80666666666667, 16.82, 15.813333333333333, 14.913333333333334, 14.086666666666666, 13.62, 13.5, 13.226666666666667, 12.833333333333334, 12.14, 12.42, 12.933333333333334, 13.12, 13.613333333333333, 13.9, 13.0, 12.026666666666667, 12.18, 11.533333333333333, 12.106666666666667, 11.853333333333333, 11.086666666666666, 11.286666666666667, 11.806666666666667, 11.406666666666666, 11.293333333333333, 11.58]
[51.04666666666667, 46.2, 42.64666666666667, 39.333333333333336, 36.946666666666665, 34.973333333333336, 33.49333333333333, 31.613333333333333, 30.26, 28.566666666666666, 26.013333333333332, 23.82, 22.666666666666668, 22.14, 20.69333333333333, 19.913333333333334, 19.44, 18.42, 17.313333333333333, 16.606666666666666, 15.9, 14.793333333333333, 14.993333333333334, 14.013333333333334, 14.2, 14.166666666666666, 14.24, 14.446666666666667, 14.18, 13.58, 13.013333333333334, 12.673333333333334, 12.62, 12.206666666666667, 12.56, 12.273333333333333, 12.126666666666667, 11.44, 11.346666666666666]
[51.11333333333334, 47.27333333333333, 43.68666666666667, 41.07333333333333, 38.74666666666667, 36.593333333333334, 34.18, 32.74666666666667, 31.106666666666666, 28.893333333333334, 27.35333333333333, 26.833333333333332, 26.653333333333332, 26.68, 25.733333333333334, 25.466666666666665, 25.253333333333334, 24.813333333333333, 23.586666666666666, 22.266666666666666, 21.546666666666667, 21.04, 21.06, 20.82, 20.246666666666666, 19.18, 18.673333333333332, 17.74, 16.68, 16.1, 15.38, 15.133333333333333, 14.54]
[51.79333333333334, 47.46, 43.06, 39.92666666666667, 37.81333333333333, 35.00666666666667, 32.28666666666667, 30.5, 28.706666666666667, 26.986666666666668, 25.373333333333335, 24.186666666666667, 23.14666666666667, 22.426666666666666, 21.186666666666667, 20.44, 19.706666666666667, 19.046666666666667, 19.0, 18.08, 16.84, 15.986666666666666, 15.12, 14.88, 14.573333333333334, 14.773333333333333, 14.54, 13.96, 13.406666666666666, 13.393333333333333, 13.42, 13.006666666666666, 12.22, 11.74, 11.746666666666666]
[51.04, 46.82666666666667, 42.7, 39.21333333333333, 37.20666666666666, 35.7, 34.1, 32.99333333333333, 31.313333333333333, 29.486666666666668, 27.553333333333335, 26.773333333333333, 24.58, 23.373333333333335, 22.14, 21.053333333333335, 20.34, 19.466666666666665, 18.933333333333334, 18.08, 17.666666666666668, 16.826666666666668, 16.69333333333333, 15.6, 15.12, 14.293333333333333]
[51.35333333333333, 46.14666666666667, 43.36, 40.98, 38.766666666666666, 37.2, 35.806666666666665, 33.86, 31.92, 29.953333333333333, 28.366666666666667, 27.466666666666665, 26.486666666666668, 26.366666666666667, 25.72, 24.813333333333333, 24.293333333333333, 24.006666666666668, 23.706666666666667, 23.84, 22.513333333333332, 22.36, 21.226666666666667, 20.72, 20.74, 20.093333333333334, 19.333333333333332, 18.153333333333332, 18.273333333333333, 18.246666666666666, 18.2, 18.14, 17.69333333333333, 17.266666666666666, 16.94, 16.88, 16.786666666666665, 16.333333333333332, 15.92, 14.52, 13.46, 13.293333333333333, 13.326666666666666, 12.386666666666667, 11.813333333333333, 11.56, 11.18, 11.993333333333334, 12.04, 11.706666666666667, 11.48]
[51.74666666666667, 46.92, 43.553333333333335, 41.373333333333335, 39.346666666666664, 37.093333333333334, 35.57333333333333, 33.5, 31.166666666666668, 28.466666666666665, 26.953333333333333, 25.746666666666666, 25.16, 24.626666666666665, 23.92, 23.35333333333333, 22.18, 21.69333333333333, 21.30666666666667, 20.446666666666665, 19.186666666666667, 17.78, 16.38, 16.106666666666666, 15.986666666666666, 15.353333333333333, 15.32, 14.753333333333334, 14.98, 13.986666666666666, 13.333333333333334, 13.513333333333334, 13.28]
[51.68, 47.13333333333333, 43.306666666666665, 40.22, 38.666666666666664, 36.85333333333333, 35.20666666666666, 33.64666666666667, 31.78, 30.153333333333332, 28.4, 26.746666666666666, 25.906666666666666, 24.273333333333333, 22.98, 22.133333333333333, 21.673333333333332, 21.513333333333332, 20.326666666666668, 20.153333333333332, 19.413333333333334, 19.22, 17.226666666666667, 16.253333333333334, 15.54, 15.7, 14.646666666666667, 13.846666666666666, 14.026666666666667, 13.46, 13.013333333333334, 12.36, 11.913333333333334, 11.64, 11.933333333333334, 11.82, 11.3, 11.986666666666666, 11.32, 11.426666666666666, 11.4, 11.766666666666667, 11.813333333333333, 11.58, 11.473333333333333]
[50.25333333333333, 45.43333333333333, 42.666666666666664, 40.406666666666666, 38.58, 37.153333333333336, 35.44, 33.75333333333333, 31.946666666666665, 30.2, 28.98, 28.30666666666667, 26.92, 25.686666666666667, 24.526666666666667, 23.62, 22.633333333333333, 21.833333333333332, 20.733333333333334, 20.046666666666667, 19.986666666666668, 19.5, 19.046666666666667, 17.826666666666668, 17.906666666666666, 18.3, 17.54, 16.933333333333334, 16.586666666666666, 15.46, 15.313333333333333, 14.68, 13.966666666666667, 13.593333333333334, 13.753333333333334, 13.613333333333333, 13.553333333333333, 13.88, 14.1, 14.66, 14.88, 13.933333333333334, 13.7, 13.686666666666667, 13.44, 12.746666666666666, 12.606666666666667, 12.233333333333333]
[51.38666666666666, 46.63333333333333, 42.77333333333333, 39.833333333333336, 37.52, 35.36666666666667, 33.56, 32.24, 31.14666666666667, 29.093333333333334, 27.793333333333333, 28.06, 26.526666666666667, 25.3, 23.8, 22.973333333333333, 22.546666666666667, 21.473333333333333, 20.326666666666668, 19.04, 17.513333333333332, 16.833333333333332, 16.113333333333333, 15.133333333333333, 14.326666666666666, 14.306666666666667, 14.986666666666666, 15.38, 15.306666666666667, 14.546666666666667, 14.18, 13.546666666666667, 12.673333333333334, 11.726666666666667, 11.62, 11.653333333333334, 11.313333333333333, 11.84, 11.206666666666667]
[51.54, 46.78666666666667, 43.85333333333333, 41.666666666666664, 39.053333333333335, 36.56, 34.5, 32.12, 29.82, 27.513333333333332, 26.35333333333333, 25.3, 24.153333333333332, 23.266666666666666, 22.373333333333335, 21.613333333333333, 21.2, 20.206666666666667, 19.213333333333335, 19.106666666666666, 18.413333333333334, 18.053333333333335, 17.88, 17.64, 16.746666666666666, 15.733333333333333, 14.44, 14.84, 14.48, 14.093333333333334, 14.193333333333333, 13.573333333333334, 13.98, 14.2, 14.08, 14.633333333333333, 13.62, 12.846666666666666, 12.793333333333333, 12.073333333333334, 11.393333333333333, 10.686666666666667]
[50.806666666666665, 47.43333333333333, 43.586666666666666, 40.72, 38.013333333333335, 36.21333333333333, 34.12, 32.32666666666667, 29.746666666666666, 28.593333333333334, 27.38, 26.12, 25.366666666666667, 24.613333333333333, 24.0, 23.366666666666667, 23.633333333333333, 22.833333333333332, 23.253333333333334, 21.973333333333333, 20.94, 20.85333333333333, 20.913333333333334, 20.24, 20.626666666666665, 19.553333333333335, 19.586666666666666, 19.713333333333335, 19.12, 18.033333333333335, 17.426666666666666, 17.233333333333334, 17.22, 16.72, 16.873333333333335, 17.386666666666667, 17.826666666666668, 17.36, 16.44, 16.04, 16.32, 15.633333333333333, 15.046666666666667, 15.12, 14.693333333333333, 14.713333333333333, 14.9, 14.393333333333333, 14.613333333333333, 14.006666666666666, 14.426666666666666, 14.34, 14.06, 13.613333333333333, 14.14, 13.96, 13.54, 13.326666666666666, 13.353333333333333, 13.173333333333334, 12.706666666666667, 13.3, 13.746666666666666, 13.733333333333333, 12.526666666666667, 12.293333333333333, 12.526666666666667, 11.933333333333334, 12.86, 12.493333333333334, 12.326666666666666, 12.466666666666667, 12.406666666666666, 12.673333333333334, 12.186666666666667, 11.0, 11.146666666666667, 11.46, 11.74, 11.473333333333333]
[51.653333333333336, 47.42, 43.93333333333333, 41.306666666666665, 38.34, 37.85333333333333, 36.24666666666667, 35.28, 33.58, 31.913333333333334, 29.86, 28.953333333333333, 28.19333333333333, 26.886666666666667, 25.30666666666667, 24.393333333333334, 22.973333333333333, 22.14666666666667, 22.286666666666665, 22.066666666666666, 21.133333333333333, 19.82, 18.373333333333335, 17.626666666666665, 17.286666666666665, 16.953333333333333, 16.273333333333333, 16.393333333333334, 16.006666666666668, 15.386666666666667, 15.246666666666666, 15.42, 15.013333333333334, 14.533333333333333, 14.246666666666666, 14.853333333333333, 15.2, 14.926666666666666, 14.053333333333333, 12.7, 12.693333333333333, 11.806666666666667, 12.12, 12.2, 11.573333333333334, 11.326666666666666, 11.1, 12.006666666666666, 11.246666666666666, 11.68, 12.006666666666666, 11.606666666666667, 11.493333333333334, 10.833333333333334, 11.073333333333334, 11.253333333333334, 11.246666666666666, 11.16, 12.173333333333334, 12.3, 12.78, 12.113333333333333]
[50.74666666666667, 46.68666666666667, 43.04666666666667, 39.6, 37.36666666666667, 34.8, 32.72666666666667, 30.873333333333335, 28.62, 26.833333333333332, 24.62, 21.626666666666665, 20.08, 18.84, 17.46, 16.133333333333333, 14.946666666666667, 14.253333333333334, 13.573333333333334, 13.373333333333333, 13.886666666666667, 13.6, 12.64, 12.486666666666666, 12.48, 12.18]
[51.5, 46.76, 42.56666666666667, 38.08, 33.18, 31.0, 29.226666666666667, 27.42, 26.253333333333334, 25.246666666666666, 23.673333333333332, 23.386666666666667, 23.04, 21.933333333333334, 20.85333333333333, 19.86, 19.64666666666667, 18.706666666666667, 18.313333333333333, 17.553333333333335, 17.073333333333334, 15.226666666666667, 14.9, 14.393333333333333, 14.746666666666666, 14.46, 14.14, 13.366666666666667, 13.306666666666667, 13.566666666666666, 13.746666666666666, 14.313333333333333, 13.62, 13.56, 13.866666666666667, 12.953333333333333, 12.686666666666667, 13.026666666666667, 13.126666666666667, 12.746666666666666, 12.78, 13.066666666666666, 13.786666666666667, 13.68, 13.06, 13.233333333333333, 12.973333333333333, 13.006666666666666, 12.58, 12.36, 11.773333333333333, 11.866666666666667, 11.193333333333333, 11.653333333333334, 11.36, 11.426666666666666, 12.12, 11.86, 12.493333333333334, 12.073333333333334, 12.033333333333333, 12.18, 12.526666666666667, 12.58, 12.413333333333334, 12.486666666666666, 12.313333333333333, 12.14, 12.086666666666666, 12.726666666666667, 12.806666666666667, 12.166666666666666, 12.353333333333333, 11.966666666666667, 10.906666666666666, 11.706666666666667]
[51.07333333333333, 46.06, 42.79333333333334, 39.846666666666664, 37.32666666666667, 35.75333333333333, 33.873333333333335, 32.58, 30.986666666666668, 28.85333333333333, 26.92, 24.986666666666668, 24.266666666666666, 23.273333333333333, 22.233333333333334, 21.786666666666665, 21.153333333333332, 21.106666666666666, 19.946666666666665, 19.2, 18.56, 17.513333333333332, 16.946666666666665, 16.573333333333334, 16.4, 16.773333333333333, 16.513333333333332, 15.266666666666667, 13.933333333333334, 13.066666666666666, 13.12, 13.666666666666666, 13.126666666666667, 13.066666666666666, 13.453333333333333, 13.6, 13.273333333333333, 13.546666666666667, 13.64, 13.093333333333334, 13.433333333333334]
[50.93333333333333, 47.093333333333334, 43.85333333333333, 40.653333333333336, 37.98, 35.35333333333333, 32.626666666666665, 30.453333333333333, 28.613333333333333, 27.36, 25.986666666666668, 24.593333333333334, 23.24, 22.286666666666665, 20.56, 20.35333333333333, 20.24, 20.08, 19.813333333333333, 19.273333333333333, 18.566666666666666, 18.133333333333333, 17.786666666666665, 17.68, 17.393333333333334, 18.04, 17.0, 16.58, 16.486666666666668, 16.093333333333334, 15.766666666666667, 15.86, 15.773333333333333, 15.193333333333333, 14.006666666666666, 13.953333333333333, 14.006666666666666, 13.266666666666667, 13.02]
[51.44, 45.85333333333333, 43.34, 41.1, 39.026666666666664, 36.733333333333334, 33.89333333333333, 31.68, 30.013333333333332, 29.82, 28.35333333333333, 26.653333333333332, 24.133333333333333, 22.22, 21.073333333333334, 19.793333333333333, 19.64666666666667, 18.533333333333335, 18.666666666666668, 18.166666666666668, 17.62, 17.19333333333333, 16.98, 16.073333333333334, 14.853333333333333, 14.04, 13.073333333333334, 12.833333333333334, 11.733333333333333, 11.073333333333334, 10.846666666666666, 11.066666666666666, 11.18, 11.9, 11.24, 12.0, 12.253333333333334, 11.626666666666667, 12.64, 12.586666666666666, 12.633333333333333, 12.66, 12.64, 13.046666666666667, 13.26, 13.16, 12.86, 12.12, 11.753333333333334, 11.786666666666667]
[52.28666666666667, 47.806666666666665, 44.526666666666664, 42.17333333333333, 40.06, 37.8, 36.086666666666666, 34.84, 33.193333333333335, 32.373333333333335, 30.82, 29.993333333333332, 28.32, 27.206666666666667, 26.66, 25.053333333333335, 24.26, 23.493333333333332, 22.5, 22.553333333333335, 22.12, 21.78, 20.22, 19.7, 18.7, 18.086666666666666, 17.6, 16.0, 15.726666666666667, 14.613333333333333, 14.12, 12.98, 13.033333333333333, 13.18, 13.793333333333333, 13.306666666666667, 12.02, 11.66, 12.126666666666667, 12.073333333333334, 11.84, 12.32, 11.873333333333333, 11.513333333333334, 12.013333333333334, 11.146666666666667]
[51.026666666666664, 46.873333333333335, 43.43333333333333, 40.35333333333333, 37.49333333333333, 34.85333333333333, 31.76, 29.8, 27.466666666666665, 25.106666666666666, 23.826666666666668, 22.466666666666665, 21.906666666666666, 20.926666666666666, 20.613333333333333, 20.30666666666667, 19.766666666666666, 18.62, 18.026666666666667, 17.026666666666667, 16.446666666666665, 15.173333333333334, 15.086666666666666, 14.266666666666667, 14.493333333333334, 14.04, 14.813333333333333, 14.746666666666666, 15.206666666666667, 14.813333333333333, 14.373333333333333, 13.973333333333333, 13.98, 13.926666666666666, 12.866666666666667, 11.94, 12.633333333333333]
[51.873333333333335, 47.22666666666667, 43.373333333333335, 40.233333333333334, 37.62, 35.913333333333334, 33.806666666666665, 32.693333333333335, 31.186666666666667, 29.866666666666667, 28.273333333333333, 27.406666666666666, 26.5, 25.953333333333333, 25.64666666666667, 24.66, 23.28, 22.88, 22.526666666666667, 22.26, 21.906666666666666, 22.233333333333334, 21.466666666666665, 20.126666666666665, 19.946666666666665, 18.933333333333334, 18.533333333333335, 18.426666666666666, 18.62, 18.19333333333333, 17.69333333333333, 16.94, 15.853333333333333, 14.966666666666667, 15.113333333333333, 15.133333333333333, 15.273333333333333, 14.96, 15.253333333333334, 15.026666666666667, 13.086666666666666, 13.34, 12.286666666666667, 12.22, 12.233333333333333, 12.08, 12.34, 13.106666666666667, 13.246666666666666, 14.246666666666666, 13.86, 13.64, 13.326666666666666, 12.993333333333334, 12.273333333333333, 13.193333333333333, 12.946666666666667, 12.7, 12.846666666666666, 12.5, 11.84, 12.94, 12.893333333333333, 13.26, 13.866666666666667, 13.873333333333333, 14.433333333333334, 14.366666666666667, 13.54, 12.866666666666667, 12.506666666666666, 12.08, 12.233333333333333, 11.853333333333333, 11.886666666666667, 11.96, 12.486666666666666, 13.153333333333334, 12.873333333333333, 12.593333333333334, 12.2, 12.726666666666667, 12.733333333333333]
[51.526666666666664, 46.666666666666664, 42.906666666666666, 39.766666666666666, 37.4, 34.806666666666665, 32.66, 31.493333333333332, 30.073333333333334, 28.94, 27.606666666666666, 26.126666666666665, 24.34, 23.34, 22.553333333333335, 21.986666666666668, 21.16, 20.406666666666666, 19.84, 18.733333333333334, 18.38, 17.886666666666667, 17.753333333333334, 17.066666666666666, 15.68, 16.326666666666668, 16.313333333333333, 15.853333333333333, 15.24, 15.426666666666666, 14.933333333333334, 14.86, 13.806666666666667, 13.72, 13.326666666666666, 13.44, 13.066666666666666, 13.013333333333334, 12.913333333333334, 12.76, 12.84, 12.426666666666666, 12.34, 12.226666666666667, 12.326666666666666, 12.84, 12.193333333333333, 12.306666666666667, 12.066666666666666, 12.54, 12.673333333333334, 12.733333333333333, 11.786666666666667]
[50.78666666666667, 46.026666666666664, 42.43333333333333, 40.9, 38.18666666666667, 36.38, 34.96666666666667, 33.126666666666665, 31.36, 30.18, 28.8, 27.786666666666665, 26.35333333333333, 26.133333333333333, 24.7, 23.64666666666667, 23.086666666666666, 22.173333333333332, 21.18, 20.546666666666667, 19.34, 18.66, 17.406666666666666, 16.8, 15.986666666666666, 15.953333333333333, 15.666666666666666, 15.113333333333333, 14.133333333333333, 13.133333333333333, 12.653333333333334, 12.98, 13.3, 12.9, 11.913333333333334, 11.266666666666667]
[50.88666666666666, 46.10666666666667, 43.3, 40.49333333333333, 38.17333333333333, 36.17333333333333, 34.38666666666666, 33.26, 31.913333333333334, 30.86, 29.58, 27.906666666666666, 26.4, 24.746666666666666, 24.08, 23.38, 22.793333333333333, 22.013333333333332, 20.673333333333332, 20.186666666666667, 19.28, 18.94, 17.993333333333332, 17.066666666666666, 17.18, 17.026666666666667, 17.266666666666666, 16.573333333333334, 16.5, 16.513333333333332, 16.093333333333334, 15.56, 13.673333333333334, 13.486666666666666]
[51.25333333333333, 46.446666666666665, 41.84, 39.28666666666667, 36.666666666666664, 34.193333333333335, 31.713333333333335, 29.533333333333335, 28.586666666666666, 26.993333333333332, 26.58, 24.613333333333333, 22.993333333333332, 22.466666666666665, 21.373333333333335, 20.94, 19.986666666666668, 19.2, 17.62, 17.7, 17.106666666666666, 16.373333333333335, 16.186666666666667, 16.35333333333333, 15.133333333333333, 14.713333333333333, 14.16, 13.373333333333333, 13.2, 12.52, 11.973333333333333, 11.52, 11.706666666666667, 11.68, 11.68, 11.673333333333334, 12.106666666666667, 12.033333333333333, 11.86, 12.04, 12.22, 12.686666666666667, 12.606666666666667, 12.153333333333334, 12.546666666666667, 12.806666666666667, 12.193333333333333, 12.793333333333333, 12.64, 11.913333333333334]
[51.71333333333333, 47.373333333333335, 44.333333333333336, 41.53333333333333, 38.74666666666667, 36.45333333333333, 34.373333333333335, 31.933333333333334, 29.6, 27.69333333333333, 26.446666666666665, 24.686666666666667, 23.366666666666667, 22.86, 21.626666666666665, 20.726666666666667, 20.133333333333333, 19.726666666666667, 18.906666666666666, 18.253333333333334, 16.686666666666667, 15.993333333333334, 14.873333333333333, 14.673333333333334, 14.706666666666667, 14.306666666666667, 14.206666666666667, 14.28, 13.726666666666667, 13.36, 13.066666666666666, 11.94, 11.746666666666666, 12.013333333333334, 12.333333333333334, 11.98, 12.286666666666667, 12.453333333333333, 12.553333333333333, 12.206666666666667, 11.526666666666667, 11.673333333333334, 11.006666666666666, 11.22]
[52.04666666666667, 46.653333333333336, 42.54666666666667, 38.68666666666667, 35.38, 32.22, 30.94, 29.74, 28.613333333333333, 27.046666666666667, 25.86, 23.486666666666668, 21.133333333333333, 20.2, 18.86, 18.466666666666665, 18.273333333333333, 17.606666666666666, 16.833333333333332, 16.153333333333332, 16.106666666666666, 15.846666666666666, 15.646666666666667, 15.473333333333333, 15.48, 15.413333333333334, 13.453333333333333, 13.846666666666666, 13.3, 13.246666666666666, 13.133333333333333, 12.746666666666666, 12.94, 12.473333333333333, 12.293333333333333, 11.346666666666666, 10.56]
[51.00666666666667, 46.0, 42.93333333333333, 40.946666666666665, 39.06, 36.346666666666664, 34.53333333333333, 33.053333333333335, 32.24, 31.626666666666665, 30.213333333333335, 28.993333333333332, 27.626666666666665, 26.02, 24.98, 23.68, 22.92, 22.1, 21.22, 19.626666666666665, 18.006666666666668, 17.846666666666668, 17.886666666666667, 16.753333333333334, 17.006666666666668, 16.726666666666667, 16.613333333333333, 15.793333333333333, 15.0, 14.513333333333334, 15.033333333333333, 14.433333333333334, 13.846666666666666, 12.873333333333333, 12.506666666666666]
[51.35333333333333, 46.66, 43.833333333333336, 41.586666666666666, 39.413333333333334, 37.053333333333335, 34.66, 32.84, 30.96, 28.933333333333334, 27.826666666666668, 26.7, 25.713333333333335, 24.246666666666666, 23.38, 22.333333333333332, 21.253333333333334, 20.8, 20.186666666666667, 18.24, 17.273333333333333, 17.493333333333332, 17.173333333333332, 17.18, 17.226666666666667, 16.873333333333335, 16.773333333333333, 16.126666666666665, 15.606666666666667, 14.566666666666666, 14.053333333333333, 14.506666666666666, 13.94, 14.026666666666667, 14.433333333333334, 14.726666666666667, 15.193333333333333, 15.726666666666667, 15.633333333333333, 14.946666666666667, 15.433333333333334, 14.573333333333334, 15.133333333333333, 14.566666666666666, 13.726666666666667, 14.146666666666667, 14.406666666666666, 14.36, 13.973333333333333, 13.846666666666666, 13.066666666666666, 13.16, 12.866666666666667, 13.12, 14.04, 13.36, 13.706666666666667, 13.76, 13.113333333333333, 12.3, 12.066666666666666, 11.72, 11.92, 11.606666666666667, 12.026666666666667, 11.206666666666667, 11.613333333333333, 11.606666666666667]
[51.946666666666665, 46.446666666666665, 43.513333333333335, 40.846666666666664, 38.26, 36.153333333333336, 34.10666666666667, 33.17333333333333, 31.766666666666666, 30.093333333333334, 28.213333333333335, 27.106666666666666, 25.42, 24.38, 23.14666666666667, 22.35333333333333, 21.766666666666666, 20.546666666666667, 19.273333333333333, 18.14666666666667, 17.62, 17.4, 16.373333333333335, 15.926666666666666, 16.64666666666667, 16.073333333333334, 15.42, 15.28, 14.866666666666667, 14.76, 14.606666666666667, 14.193333333333333, 13.573333333333334, 12.526666666666667, 12.4]
[51.38, 48.266666666666666, 44.78, 40.54, 38.166666666666664, 36.14666666666667, 34.42, 32.266666666666666, 30.69333333333333, 28.80666666666667, 27.373333333333335, 25.666666666666668, 25.126666666666665, 24.186666666666667, 23.533333333333335, 22.173333333333332, 21.253333333333334, 20.526666666666667, 19.993333333333332, 19.566666666666666, 19.02, 18.16, 17.8, 17.793333333333333, 17.26, 17.413333333333334, 17.04, 16.2, 15.433333333333334, 15.06, 14.52, 14.193333333333333, 14.18, 13.86, 14.133333333333333, 14.093333333333334, 13.926666666666666, 14.14, 13.453333333333333, 13.293333333333333, 14.206666666666667, 14.046666666666667, 13.533333333333333, 14.086666666666666, 13.18, 13.253333333333334, 12.213333333333333, 12.1, 12.046666666666667, 12.273333333333333, 12.146666666666667]
[51.71333333333333, 47.56666666666667, 44.46666666666667, 42.11333333333334, 40.21333333333333, 37.99333333333333, 36.473333333333336, 34.92, 32.70666666666666, 31.233333333333334, 29.96, 29.12, 27.286666666666665, 26.4, 25.126666666666665, 24.64, 24.32, 23.993333333333332, 23.666666666666668, 22.46, 21.826666666666668, 21.106666666666666, 20.613333333333333, 20.373333333333335, 19.613333333333333, 18.913333333333334, 18.526666666666667, 18.966666666666665, 19.093333333333334, 18.733333333333334, 18.88, 18.813333333333333, 18.653333333333332, 17.906666666666666, 17.966666666666665, 18.266666666666666, 17.873333333333335, 17.526666666666667, 16.36, 17.026666666666667, 16.7, 16.173333333333332, 16.30666666666667, 15.946666666666667, 15.253333333333334, 14.826666666666666, 13.786666666666667, 13.406666666666666, 12.886666666666667, 12.886666666666667, 12.493333333333334, 12.033333333333333, 12.206666666666667, 12.106666666666667, 11.953333333333333, 11.5, 11.34, 11.773333333333333]
[51.733333333333334, 45.78, 42.07333333333333, 39.93333333333333, 37.66, 35.666666666666664, 33.56666666666667, 32.06, 30.413333333333334, 28.80666666666667, 27.82, 26.666666666666668, 25.69333333333333, 25.313333333333333, 24.366666666666667, 22.993333333333332, 22.706666666666667, 22.12, 20.886666666666667, 20.94, 20.373333333333335, 19.013333333333332, 18.453333333333333, 17.846666666666668, 16.78, 15.733333333333333, 15.28, 14.646666666666667, 14.373333333333333, 13.986666666666666, 12.966666666666667, 13.18, 13.7, 13.133333333333333, 13.253333333333334, 12.786666666666667, 12.986666666666666, 13.2, 12.953333333333333, 13.066666666666666, 12.753333333333334, 11.906666666666666, 12.7, 12.113333333333333, 11.94, 11.76, 12.306666666666667, 12.36, 12.906666666666666, 12.506666666666666, 12.526666666666667, 12.14, 10.913333333333334]
[50.61333333333334, 45.92666666666667, 41.486666666666665, 38.086666666666666, 35.94, 33.92, 31.32, 29.286666666666665, 26.473333333333333, 25.073333333333334, 22.826666666666668, 21.733333333333334, 20.373333333333335, 20.3, 20.006666666666668, 19.486666666666668, 19.486666666666668, 19.153333333333332, 18.213333333333335, 18.093333333333334, 17.246666666666666, 15.666666666666666, 14.493333333333334, 14.54, 14.493333333333334, 13.933333333333334, 13.406666666666666, 12.746666666666666]
[51.04, 46.13333333333333, 43.42, 40.25333333333333, 38.18, 36.27333333333333, 34.60666666666667, 33.373333333333335, 31.593333333333334, 30.533333333333335, 29.126666666666665, 28.253333333333334, 27.653333333333332, 26.913333333333334, 25.886666666666667, 25.326666666666668, 24.64666666666667, 24.893333333333334, 23.673333333333332, 23.56, 22.933333333333334, 22.166666666666668, 21.94, 21.4, 20.733333333333334, 20.233333333333334, 18.62, 17.913333333333334, 17.233333333333334, 16.046666666666667, 16.333333333333332, 16.24, 16.346666666666668, 16.14666666666667, 15.193333333333333, 14.233333333333333, 13.286666666666667, 13.326666666666666, 13.693333333333333, 14.633333333333333, 15.046666666666667, 14.946666666666667, 14.82, 14.553333333333333, 13.966666666666667, 13.406666666666666, 13.273333333333333, 13.946666666666667, 13.313333333333333, 13.173333333333334, 13.066666666666666, 12.473333333333333, 12.706666666666667, 12.246666666666666, 11.926666666666666, 11.26, 11.14, 11.313333333333333, 11.613333333333333, 11.086666666666666, 10.973333333333333, 11.506666666666666, 11.373333333333333, 11.84, 12.373333333333333, 12.593333333333334]
[51.35333333333333, 46.42, 42.74, 40.026666666666664, 37.95333333333333, 35.833333333333336, 34.43333333333333, 33.53333333333333, 32.12, 30.526666666666667, 29.733333333333334, 29.173333333333332, 27.826666666666668, 26.986666666666668, 26.313333333333333, 25.526666666666667, 23.966666666666665, 23.593333333333334, 22.666666666666668, 22.253333333333334, 21.66, 21.24, 20.766666666666666, 20.006666666666668, 19.56, 18.94, 18.373333333333335, 18.573333333333334, 17.953333333333333, 16.5, 15.68, 14.053333333333333, 13.293333333333333, 13.466666666666667, 12.82, 12.066666666666666, 12.48, 12.706666666666667, 12.46, 12.02, 12.5, 12.34, 12.193333333333333, 11.62, 11.786666666666667, 11.953333333333333, 12.213333333333333]
[50.86666666666667, 46.53333333333333, 43.406666666666666, 40.733333333333334, 37.72666666666667, 35.74, 34.06, 32.693333333333335, 31.0, 29.2, 27.553333333333335, 26.666666666666668, 24.92, 23.433333333333334, 22.173333333333332, 20.553333333333335, 19.56, 17.886666666666667, 16.906666666666666, 15.813333333333333, 15.533333333333333, 14.513333333333334, 13.64, 13.633333333333333, 13.393333333333333, 13.12, 13.766666666666667, 13.94, 13.366666666666667, 13.906666666666666, 13.426666666666666, 13.373333333333333, 12.773333333333333]
[51.906666666666666, 47.333333333333336, 43.446666666666665, 41.67333333333333, 39.81333333333333, 37.74, 35.76, 34.093333333333334, 32.153333333333336, 30.186666666666667, 26.76, 24.28, 23.406666666666666, 22.82, 22.08, 20.726666666666667, 18.873333333333335, 17.553333333333335, 15.786666666666667, 15.233333333333333, 14.64, 13.986666666666666, 13.74, 13.42, 13.613333333333333, 13.453333333333333, 12.753333333333334, 12.913333333333334]
[51.733333333333334, 46.49333333333333, 42.82666666666667, 40.44, 38.28, 36.733333333333334, 35.346666666666664, 33.693333333333335, 32.77333333333333, 31.773333333333333, 30.613333333333333, 29.34, 28.893333333333334, 27.986666666666668, 27.12, 26.293333333333333, 25.913333333333334, 24.78, 23.966666666666665, 22.833333333333332, 21.746666666666666, 21.206666666666667, 20.433333333333334, 20.14666666666667, 20.093333333333334, 19.86, 19.66, 19.173333333333332, 18.32, 17.633333333333333, 17.153333333333332, 15.866666666666667, 15.72, 14.94, 14.966666666666667, 14.92, 14.586666666666666, 14.3, 14.206666666666667, 14.346666666666666, 14.1, 14.386666666666667, 14.213333333333333, 14.086666666666666, 14.593333333333334, 14.733333333333333, 14.786666666666667, 14.04, 14.246666666666666, 13.706666666666667, 12.74, 12.626666666666667, 12.76, 13.66, 13.913333333333334, 14.446666666666667, 13.333333333333334, 13.026666666666667, 12.306666666666667, 11.986666666666666, 11.793333333333333, 11.666666666666666, 11.333333333333334, 11.08, 11.306666666666667, 11.406666666666666, 11.533333333333333, 10.98]
[50.71333333333333, 46.10666666666667, 42.78666666666667, 39.64, 37.32, 35.906666666666666, 34.74, 33.32666666666667, 32.48, 31.08, 29.5, 28.26, 26.993333333333332, 25.5, 25.106666666666666, 24.69333333333333, 24.46, 24.013333333333332, 23.826666666666668, 23.673333333333332, 22.9, 22.246666666666666, 21.68, 20.906666666666666, 20.393333333333334, 20.393333333333334, 20.386666666666667, 20.573333333333334, 19.826666666666668, 19.706666666666667, 18.366666666666667, 17.973333333333333, 17.96, 16.946666666666665, 16.2, 16.086666666666666, 15.546666666666667, 14.266666666666667, 14.14, 14.093333333333334, 14.38, 14.246666666666666, 14.1, 12.78, 12.2, 12.213333333333333, 12.46, 13.406666666666666, 12.573333333333334, 11.98, 11.726666666666667, 12.32, 12.1, 12.313333333333333, 11.666666666666666, 12.073333333333334, 11.253333333333334, 11.62]
[51.84, 47.18666666666667, 43.82, 41.16, 38.64, 36.766666666666666, 34.74666666666667, 33.56, 32.026666666666664, 31.006666666666668, 29.74, 28.546666666666667, 27.406666666666666, 26.30666666666667, 25.286666666666665, 24.886666666666667, 23.813333333333333, 23.453333333333333, 22.366666666666667, 21.253333333333334, 20.86, 20.606666666666666, 19.3, 18.586666666666666, 19.26, 18.80666666666667, 18.386666666666667, 18.293333333333333, 18.5, 18.813333333333333, 17.88, 17.973333333333333, 17.92, 17.553333333333335, 17.226666666666667, 17.533333333333335, 17.666666666666668, 17.326666666666668, 16.58, 16.813333333333333, 15.993333333333334, 15.46, 14.866666666666667, 14.426666666666666, 13.933333333333334]
[51.57333333333333, 46.833333333333336, 44.45333333333333, 41.96666666666667, 40.0, 38.53333333333333, 37.153333333333336, 36.00666666666667, 34.38666666666666, 32.85333333333333, 30.953333333333333, 29.066666666666666, 26.846666666666668, 25.44, 23.44, 22.64, 22.086666666666666, 21.30666666666667, 20.513333333333332, 18.386666666666667, 17.69333333333333, 17.88, 17.226666666666667, 16.14, 16.546666666666667, 15.866666666666667, 15.693333333333333, 14.986666666666666, 14.653333333333334, 14.393333333333333, 14.633333333333333, 13.92, 13.466666666666667, 13.3, 12.926666666666666, 12.726666666666667, 13.353333333333333, 13.446666666666667, 13.18, 12.846666666666666, 12.713333333333333]
[51.04666666666667, 46.26, 42.92666666666667, 40.846666666666664, 38.38666666666666, 36.153333333333336, 34.18666666666667, 32.78, 31.593333333333334, 30.153333333333332, 27.993333333333332, 26.2, 24.773333333333333, 23.026666666666667, 22.92, 21.78, 20.473333333333333, 18.966666666666665, 18.5, 18.593333333333334, 18.16, 17.173333333333332, 17.473333333333333, 17.506666666666668, 17.56, 17.413333333333334, 17.486666666666668, 17.006666666666668, 16.473333333333333, 16.14, 16.573333333333334, 17.006666666666668, 16.326666666666668, 16.626666666666665, 16.5, 15.64, 15.2, 14.606666666666667, 14.58, 14.546666666666667, 14.393333333333333, 13.8, 15.22, 14.833333333333334, 14.16, 14.366666666666667, 14.78, 14.48, 14.406666666666666, 14.573333333333334, 14.893333333333333, 14.873333333333333, 14.24, 13.093333333333334, 12.933333333333334, 12.9, 12.933333333333334, 13.013333333333334, 12.426666666666666, 12.706666666666667]
[50.36666666666667, 46.586666666666666, 42.96666666666667, 39.526666666666664, 36.333333333333336, 33.486666666666665, 31.14, 28.733333333333334, 26.446666666666665, 25.266666666666666, 23.993333333333332, 23.1, 22.42, 21.273333333333333, 21.48, 20.8, 19.553333333333335, 18.793333333333333, 18.6, 18.04, 18.226666666666667, 18.286666666666665, 18.006666666666668, 17.713333333333335, 17.613333333333333, 16.833333333333332, 15.753333333333334, 15.82, 15.28, 15.14, 15.873333333333333, 15.233333333333333, 15.053333333333333, 14.453333333333333, 14.6, 15.08, 14.973333333333333, 14.513333333333334, 14.566666666666666, 14.493333333333334, 14.0, 13.286666666666667, 12.886666666666667, 13.126666666666667, 12.166666666666666, 12.32, 12.32]
[51.96, 47.39333333333333, 43.8, 41.16, 38.64, 36.02, 33.61333333333334, 31.653333333333332, 28.666666666666668, 25.573333333333334, 24.713333333333335, 22.766666666666666, 21.76, 20.546666666666667, 20.326666666666668, 20.3, 19.82, 19.44, 18.846666666666668, 18.253333333333334, 18.433333333333334, 18.373333333333335, 17.76, 17.493333333333332, 16.906666666666666, 15.88, 15.32, 14.68, 14.92, 14.76, 14.366666666666667, 14.686666666666667, 14.96, 14.353333333333333, 14.093333333333334, 13.68, 13.753333333333334, 13.6, 13.286666666666667]
[51.266666666666666, 46.093333333333334, 42.446666666666665, 40.38666666666666, 37.446666666666665, 35.04666666666667, 33.44, 31.64666666666667, 29.66, 28.266666666666666, 25.726666666666667, 24.833333333333332, 24.106666666666666, 23.013333333333332, 21.933333333333334, 21.133333333333333, 20.326666666666668, 19.30666666666667, 18.98, 19.226666666666667, 18.96, 19.3, 18.88, 18.666666666666668, 17.48, 16.793333333333333, 16.3, 16.66, 15.973333333333333, 15.2, 14.373333333333333, 13.893333333333333, 13.78, 13.386666666666667, 12.346666666666666, 12.133333333333333, 12.073333333333334, 12.166666666666666, 11.38]
[50.60666666666667, 45.64, 41.96666666666667, 38.806666666666665, 36.72, 35.22, 33.85333333333333, 32.64, 31.02, 29.62, 28.773333333333333, 28.133333333333333, 26.993333333333332, 25.233333333333334, 23.633333333333333, 22.553333333333335, 21.36, 21.486666666666668, 20.34, 19.286666666666665, 18.386666666666667, 18.12, 18.42, 18.22, 17.426666666666666, 18.113333333333333, 17.62, 16.986666666666668, 16.7, 15.966666666666667, 16.253333333333334, 15.973333333333333, 16.08, 16.286666666666665, 15.813333333333333, 14.853333333333333, 14.5, 15.14, 15.12, 15.266666666666667, 14.72, 15.36, 14.713333333333333, 14.373333333333333, 14.84, 14.94, 15.08, 15.613333333333333, 15.526666666666667, 15.846666666666666, 15.746666666666666, 15.74, 15.34, 15.206666666666667, 15.153333333333334, 13.94, 14.54, 14.386666666666667, 14.546666666666667, 13.76, 13.02, 12.9, 12.146666666666667, 11.686666666666667, 11.76, 11.473333333333333, 11.426666666666666, 11.38, 11.146666666666667, 10.34, 10.96, 11.22, 11.153333333333334, 11.633333333333333, 11.813333333333333, 10.826666666666666, 10.6, 11.026666666666667, 11.853333333333333, 11.813333333333333, 11.38, 11.393333333333333, 11.693333333333333, 11.113333333333333, 11.306666666666667, 11.78, 11.28, 11.026666666666667]
[51.6, 46.806666666666665, 42.8, 39.89333333333333, 37.27333333333333, 35.873333333333335, 34.46666666666667, 33.473333333333336, 31.56, 29.926666666666666, 28.393333333333334, 27.313333333333333, 25.973333333333333, 25.12, 23.3, 22.773333333333333, 21.92, 21.38, 20.673333333333332, 20.2, 19.113333333333333, 18.106666666666666, 17.893333333333334, 16.233333333333334, 14.686666666666667, 13.64, 13.64, 13.66, 13.626666666666667, 13.413333333333334, 13.186666666666667, 12.8, 12.746666666666666]
[51.626666666666665, 46.72666666666667, 42.586666666666666, 39.67333333333333, 36.96, 35.17333333333333, 33.373333333333335, 32.413333333333334, 30.973333333333333, 29.7, 29.54, 29.493333333333332, 27.986666666666668, 27.24, 26.433333333333334, 25.14, 23.96, 23.2, 22.64, 21.713333333333335, 20.913333333333334, 20.85333333333333, 20.16, 20.14, 19.486666666666668, 19.026666666666667, 17.046666666666667, 16.88, 15.833333333333334, 15.586666666666666, 15.913333333333334, 16.4, 16.453333333333333, 16.466666666666665, 16.406666666666666, 16.2, 15.573333333333334, 15.0, 14.76, 14.413333333333334, 14.566666666666666, 14.16, 13.766666666666667, 13.386666666666667, 13.553333333333333, 14.0, 13.42, 13.48, 13.226666666666667, 13.486666666666666, 12.94, 11.82, 11.826666666666666, 11.226666666666667, 11.133333333333333, 10.64, 11.033333333333333, 10.526666666666667, 10.933333333333334, 11.126666666666667, 11.0, 11.566666666666666, 12.453333333333333, 12.953333333333333, 12.94, 12.486666666666666]
[49.733333333333334, 45.26, 41.46666666666667, 38.28, 35.233333333333334, 33.43333333333333, 31.346666666666668, 29.726666666666667, 28.293333333333333, 27.02, 26.033333333333335, 25.253333333333334, 24.386666666666667, 23.293333333333333, 22.653333333333332, 22.253333333333334, 20.69333333333333, 20.96, 21.266666666666666, 20.8, 19.793333333333333, 19.76, 19.273333333333333, 17.66, 16.3, 15.32, 14.653333333333334, 13.4, 13.02, 12.213333333333333, 12.833333333333334, 12.573333333333334, 13.086666666666666, 12.893333333333333, 13.18, 12.746666666666666, 12.893333333333333, 12.726666666666667, 11.646666666666667, 11.42, 12.373333333333333, 11.793333333333333, 12.406666666666666, 12.166666666666666, 11.253333333333334, 10.5, 11.213333333333333, 11.72, 11.693333333333333, 11.72, 11.46, 11.753333333333334, 11.053333333333333, 11.16, 10.993333333333334, 10.353333333333333, 10.233333333333333, 10.44, 10.966666666666667, 10.873333333333333, 10.666666666666666, 11.293333333333333, 11.153333333333334, 10.24, 10.306666666666667, 10.866666666666667, 10.906666666666666, 11.14, 11.046666666666667, 11.493333333333334, 12.246666666666666, 12.086666666666666, 12.28, 11.66, 11.206666666666667, 11.366666666666667, 10.806666666666667, 11.233333333333333, 11.346666666666666, 11.28, 10.966666666666667, 10.666666666666666, 10.693333333333333, 11.48, 11.553333333333333, 11.986666666666666, 12.04]
[50.98, 46.67333333333333, 42.74, 39.56666666666667, 37.086666666666666, 35.21333333333333, 33.54666666666667, 31.7, 30.32, 29.473333333333333, 28.326666666666668, 27.333333333333332, 26.48, 25.926666666666666, 25.386666666666667, 24.553333333333335, 21.786666666666665, 20.586666666666666, 19.613333333333333, 18.873333333333335, 19.346666666666668, 17.753333333333334, 16.69333333333333, 15.893333333333333, 14.9, 14.673333333333334, 14.28, 14.133333333333333, 14.313333333333333, 14.173333333333334, 13.586666666666666, 13.646666666666667, 13.7, 14.046666666666667, 13.713333333333333, 13.98, 13.806666666666667, 13.94, 13.166666666666666, 12.96, 12.733333333333333, 12.353333333333333, 12.213333333333333, 12.513333333333334, 11.76, 11.613333333333333, 11.733333333333333, 10.973333333333333, 11.02, 10.8, 10.466666666666667, 11.64, 11.706666666666667, 11.333333333333334, 12.033333333333333, 11.873333333333333, 11.753333333333334, 11.86, 11.953333333333333, 12.553333333333333, 11.833333333333334, 12.306666666666667, 11.28, 10.873333333333333, 11.366666666666667, 11.066666666666666, 11.946666666666667, 11.706666666666667, 12.026666666666667, 11.766666666666667, 11.853333333333333, 12.5, 12.333333333333334]
[51.70666666666666, 46.68, 43.50666666666667, 41.20666666666666, 39.06, 36.8, 35.06, 33.06, 32.193333333333335, 30.513333333333332, 29.153333333333332, 27.56, 25.68, 24.106666666666666, 21.24, 19.293333333333333, 18.273333333333333, 16.906666666666666, 16.35333333333333, 15.953333333333333, 15.213333333333333, 14.66, 14.513333333333334, 14.08, 13.78, 13.28, 12.353333333333333, 12.273333333333333, 12.34, 12.853333333333333, 12.533333333333333, 12.48, 12.74, 12.806666666666667, 11.986666666666666, 11.833333333333334, 11.9, 11.406666666666666, 11.22]
[52.18666666666667, 47.46, 43.833333333333336, 41.68666666666667, 38.82, 36.13333333333333, 35.03333333333333, 33.4, 31.78, 29.986666666666668, 28.68, 27.233333333333334, 26.033333333333335, 25.19333333333333, 23.553333333333335, 22.033333333333335, 20.826666666666668, 20.02, 19.713333333333335, 19.16, 18.54, 19.513333333333332, 18.813333333333333, 17.846666666666668, 17.04, 16.6, 15.526666666666667, 15.386666666666667, 15.02, 14.386666666666667, 14.48, 14.246666666666666, 14.326666666666666, 14.46, 13.606666666666667, 13.546666666666667, 13.306666666666667, 13.533333333333333, 12.506666666666666, 12.793333333333333, 12.38, 11.973333333333333, 12.38, 11.88]
[51.56666666666667, 47.31333333333333, 43.53333333333333, 39.70666666666666, 36.64, 34.50666666666667, 33.026666666666664, 31.973333333333333, 30.653333333333332, 29.76, 28.373333333333335, 27.74, 27.066666666666666, 26.713333333333335, 25.953333333333333, 25.833333333333332, 24.926666666666666, 24.466666666666665, 23.766666666666666, 22.86, 22.653333333333332, 21.84, 21.413333333333334, 20.486666666666668, 19.64666666666667, 19.52, 18.28, 17.546666666666667, 17.326666666666668, 17.026666666666667, 16.313333333333333, 15.993333333333334, 15.313333333333333, 15.36, 14.833333333333334, 15.386666666666667, 14.98, 14.993333333333334, 14.033333333333333, 13.846666666666666]
[51.38, 47.24, 43.96666666666667, 40.906666666666666, 39.06, 36.94, 34.61333333333334, 33.2, 31.82, 30.38, 29.066666666666666, 27.953333333333333, 25.5, 23.546666666666667, 22.2, 21.30666666666667, 20.746666666666666, 19.326666666666668, 18.726666666666667, 18.1, 17.273333333333333, 16.733333333333334, 16.633333333333333, 16.653333333333332, 16.366666666666667, 16.373333333333335, 16.406666666666666, 16.386666666666667, 15.933333333333334, 16.386666666666667, 15.826666666666666, 15.686666666666667, 16.366666666666667, 16.113333333333333, 15.66, 15.3, 14.826666666666666, 14.586666666666666, 14.533333333333333, 14.633333333333333, 13.746666666666666]
[50.71333333333333, 46.77333333333333, 43.99333333333333, 41.20666666666666, 38.153333333333336, 34.77333333333333, 32.22, 30.0, 28.673333333333332, 27.513333333333332, 26.19333333333333, 24.18, 23.78, 22.813333333333333, 22.606666666666666, 21.526666666666667, 21.366666666666667, 20.7, 19.733333333333334, 19.113333333333333, 18.30666666666667, 18.073333333333334, 17.386666666666667, 16.84, 16.473333333333333, 15.713333333333333, 15.773333333333333, 15.94, 15.873333333333333, 16.006666666666668, 14.733333333333333, 14.32, 13.78, 13.14, 12.453333333333333, 12.36, 13.08, 12.68, 12.613333333333333, 12.733333333333333, 12.286666666666667, 12.1, 12.506666666666666, 13.106666666666667, 13.946666666666667, 12.893333333333333, 12.933333333333334, 12.28, 13.006666666666666, 12.513333333333334, 11.846666666666666]
