[50.56666666666667, 46.2, 42.513333333333335, 40.28, 38.14666666666667, 36.58, 34.02, 32.08, 30.56, 29.153333333333332, 27.74, 25.873333333333335, 26.30666666666667, 25.506666666666668, 24.253333333333334, 23.613333333333333, 23.30666666666667, 22.533333333333335, 21.56, 20.053333333333335, 18.906666666666666, 18.226666666666667, 17.24, 17.133333333333333, 16.453333333333333, 16.106666666666666, 16.213333333333335, 16.1, 16.213333333333335, 15.74, 15.366666666666667, 14.36, 13.86, 12.886666666666667, 12.26, 13.286666666666667, 12.486666666666666, 11.566666666666666, 11.626666666666667, 11.653333333333334, 11.673333333333334]
[50.68, 45.666666666666664, 42.473333333333336, 40.086666666666666, 37.84, 36.193333333333335, 35.0, 32.193333333333335, 29.64666666666667, 27.846666666666668, 25.826666666666668, 24.633333333333333, 22.873333333333335, 21.206666666666667, 19.773333333333333, 19.24, 18.5, 18.393333333333334, 18.026666666666667, 17.033333333333335, 16.46, 16.686666666666667, 15.486666666666666, 15.42, 14.093333333333334, 13.893333333333333, 12.966666666666667, 12.72, 12.433333333333334, 12.253333333333334, 10.993333333333334, 10.86]
[51.22, 46.17333333333333, 42.70666666666666, 40.67333333333333, 37.64666666666667, 34.946666666666665, 33.16, 31.52, 29.6, 27.493333333333332, 25.746666666666666, 24.52, 22.553333333333335, 20.84, 18.826666666666668, 17.766666666666666, 17.56, 16.333333333333332, 15.46, 15.1, 14.706666666666667, 14.413333333333334, 14.76, 14.566666666666666, 14.553333333333333, 13.966666666666667, 13.326666666666666, 12.206666666666667, 11.353333333333333, 11.14]
[51.57333333333333, 46.586666666666666, 43.306666666666665, 40.98, 38.32, 36.46666666666667, 34.96, 33.36666666666667, 31.606666666666666, 30.346666666666668, 27.933333333333334, 26.42, 24.953333333333333, 24.513333333333332, 23.84, 23.873333333333335, 23.173333333333332, 22.233333333333334, 21.213333333333335, 20.34, 20.013333333333332, 19.526666666666667, 18.9, 17.88, 17.053333333333335, 15.373333333333333, 15.066666666666666, 14.853333333333333, 14.266666666666667, 13.64, 12.82, 13.2, 12.506666666666666, 12.273333333333333, 12.866666666666667, 12.493333333333334, 12.166666666666666, 11.933333333333334, 11.166666666666666]
[50.96666666666667, 46.14, 42.45333333333333, 39.81333333333333, 37.806666666666665, 35.92, 33.78666666666667, 31.9, 30.16, 28.14, 26.866666666666667, 25.48, 25.153333333333332, 24.386666666666667, 23.96, 22.553333333333335, 22.126666666666665, 22.22, 21.32, 21.293333333333333, 20.30666666666667, 19.606666666666666, 19.446666666666665, 19.073333333333334, 18.486666666666668, 18.1, 17.573333333333334, 18.133333333333333, 17.446666666666665, 16.96, 16.706666666666667, 15.673333333333334, 14.04, 13.96, 14.56, 14.133333333333333, 14.006666666666666, 13.186666666666667, 12.946666666666667, 12.806666666666667, 12.72, 12.766666666666667, 12.18, 12.12, 12.033333333333333, 11.98, 12.02, 12.56, 12.986666666666666, 13.213333333333333, 12.92, 12.606666666666667, 12.62, 12.933333333333334, 12.353333333333333, 11.573333333333334, 11.506666666666666, 11.226666666666667, 12.526666666666667, 12.8, 12.1, 11.9, 11.853333333333333, 11.553333333333333, 11.16, 11.906666666666666, 11.68, 11.453333333333333, 10.693333333333333, 10.44, 10.446666666666667, 10.04, 11.146666666666667, 11.353333333333333, 10.126666666666667, 10.22]
[50.68666666666667, 45.95333333333333, 42.62, 38.92, 35.486666666666665, 33.333333333333336, 31.506666666666668, 28.80666666666667, 27.313333333333333, 25.113333333333333, 22.86, 21.35333333333333, 20.64666666666667, 20.36, 20.053333333333335, 19.62, 18.886666666666667, 18.593333333333334, 18.106666666666666, 17.82, 17.546666666666667, 17.293333333333333, 17.30666666666667, 15.64, 15.526666666666667, 15.88, 15.846666666666666, 15.76, 15.853333333333333, 15.613333333333333, 15.546666666666667, 14.506666666666666, 13.846666666666666, 13.04, 12.306666666666667, 12.06, 12.26]
[51.50666666666667, 47.60666666666667, 44.42666666666667, 41.973333333333336, 39.79333333333334, 38.42666666666667, 36.54, 34.16, 32.85333333333333, 31.513333333333332, 30.02, 28.673333333333332, 27.206666666666667, 26.08, 24.273333333333333, 23.08, 22.833333333333332, 22.56, 22.3, 21.313333333333333, 19.30666666666667, 18.273333333333333, 17.233333333333334, 17.326666666666668, 17.19333333333333, 17.08, 16.19333333333333, 16.126666666666665, 15.66, 15.533333333333333, 15.033333333333333, 14.253333333333334, 13.933333333333334, 12.42, 10.44, 9.86]
[51.53333333333333, 46.28, 42.81333333333333, 40.02, 37.38666666666666, 35.52, 33.21333333333333, 30.633333333333333, 28.573333333333334, 25.933333333333334, 22.9, 21.286666666666665, 19.64666666666667, 18.373333333333335, 17.82, 16.446666666666665, 15.346666666666666, 14.853333333333333, 14.813333333333333, 14.766666666666667, 14.833333333333334, 14.806666666666667, 15.033333333333333, 14.053333333333333, 13.74, 13.833333333333334]
[52.42666666666667, 48.07333333333333, 44.71333333333333, 42.76, 41.013333333333335, 39.18666666666667, 38.20666666666666, 36.70666666666666, 34.39333333333333, 32.29333333333334, 30.786666666666665, 28.453333333333333, 27.76, 27.006666666666668, 25.84, 25.12, 23.82, 21.966666666666665, 20.653333333333332, 19.493333333333332, 18.593333333333334, 16.866666666666667, 16.72, 16.46, 16.06, 15.633333333333333, 15.36, 15.206666666666667, 14.726666666666667, 14.52, 13.26, 13.046666666666667, 12.246666666666666, 11.18, 11.16, 11.946666666666667]
[51.666666666666664, 46.76, 43.02, 40.306666666666665, 37.54, 34.68, 32.94, 30.98, 29.246666666666666, 27.3, 25.893333333333334, 24.506666666666668, 22.826666666666668, 21.14666666666667, 20.486666666666668, 18.873333333333335, 17.85333333333333, 16.506666666666668, 16.406666666666666, 16.006666666666668, 15.886666666666667, 14.893333333333333, 14.306666666666667, 14.233333333333333, 13.913333333333334, 13.253333333333334, 12.62, 12.813333333333333]
[50.81333333333333, 46.093333333333334, 42.72666666666667, 40.553333333333335, 39.06, 37.04666666666667, 35.46, 34.306666666666665, 32.846666666666664, 31.86, 31.36, 30.166666666666668, 29.293333333333333, 27.586666666666666, 26.886666666666667, 25.46, 23.96, 22.78, 21.96, 21.35333333333333, 19.98, 19.02, 18.246666666666666, 19.06, 18.833333333333332, 18.0, 16.82, 16.593333333333334, 15.713333333333333, 14.873333333333333, 14.513333333333334, 14.26, 14.48, 13.48, 13.053333333333333, 11.9, 11.713333333333333, 11.373333333333333, 10.74, 10.4, 10.366666666666667, 9.733333333333333, 9.7, 10.066666666666666, 9.886666666666667, 9.413333333333334, 9.92, 10.073333333333334, 10.1]
[51.31333333333333, 46.553333333333335, 43.14, 40.58, 38.06666666666667, 36.306666666666665, 34.553333333333335, 32.986666666666665, 31.813333333333333, 29.86, 27.56, 27.02, 25.473333333333333, 24.886666666666667, 22.873333333333335, 22.233333333333334, 21.553333333333335, 20.666666666666668, 19.873333333333335, 19.533333333333335, 18.513333333333332, 17.486666666666668, 17.246666666666666, 17.293333333333333, 16.473333333333333, 16.213333333333335, 15.08, 14.68, 14.586666666666666, 13.886666666666667, 13.32, 13.913333333333334, 13.953333333333333, 13.873333333333333, 13.546666666666667, 12.926666666666666, 13.513333333333334, 13.9, 13.88, 14.12, 14.213333333333333, 14.213333333333333, 14.646666666666667, 13.82, 13.073333333333334, 11.993333333333334, 11.413333333333334]
[52.04, 47.086666666666666, 43.14666666666667, 40.88, 38.986666666666665, 37.07333333333333, 35.053333333333335, 33.42666666666667, 32.13333333333333, 30.92, 30.073333333333334, 29.726666666666667, 28.706666666666667, 27.733333333333334, 27.5, 26.64666666666667, 25.14666666666667, 24.726666666666667, 23.653333333333332, 23.1, 22.206666666666667, 21.766666666666666, 21.486666666666668, 21.106666666666666, 20.826666666666668, 20.766666666666666, 19.173333333333332, 19.18, 18.446666666666665, 18.153333333333332, 17.053333333333335, 15.493333333333334, 15.36, 13.766666666666667, 12.586666666666666, 11.493333333333334, 11.56, 12.013333333333334, 12.5, 12.853333333333333, 12.606666666666667, 12.92, 12.526666666666667, 11.893333333333333, 11.74, 11.58, 11.32, 11.2, 11.566666666666666, 11.66, 11.946666666666667]
[51.126666666666665, 47.22666666666667, 43.89333333333333, 40.78, 38.6, 36.026666666666664, 33.846666666666664, 31.946666666666665, 30.546666666666667, 29.586666666666666, 28.613333333333333, 27.413333333333334, 26.78, 25.96, 24.866666666666667, 23.54, 23.073333333333334, 22.046666666666667, 21.56, 20.613333333333333, 19.586666666666666, 19.133333333333333, 18.66, 18.546666666666667, 18.30666666666667, 18.4, 18.466666666666665, 17.333333333333332, 16.906666666666666, 16.186666666666667, 15.48, 15.666666666666666, 15.653333333333334, 16.186666666666667, 15.926666666666666, 15.513333333333334, 15.426666666666666, 15.566666666666666, 15.606666666666667, 14.74, 15.16, 14.773333333333333, 14.606666666666667, 14.986666666666666, 14.64, 14.62, 13.673333333333334, 13.313333333333333, 12.213333333333333, 12.24, 11.613333333333333, 11.733333333333333, 11.753333333333334, 12.033333333333333, 11.926666666666666, 12.34, 12.453333333333333, 11.933333333333334, 11.66, 11.513333333333334, 11.193333333333333, 11.66, 10.673333333333334, 10.353333333333333]
[51.14666666666667, 46.986666666666665, 43.75333333333333, 40.14, 38.266666666666666, 36.82666666666667, 35.32666666666667, 34.25333333333333, 33.193333333333335, 31.593333333333334, 30.36, 29.313333333333333, 28.913333333333334, 27.666666666666668, 26.386666666666667, 25.7, 25.006666666666668, 24.12, 23.64666666666667, 23.24, 22.36, 21.706666666666667, 21.106666666666666, 20.233333333333334, 19.246666666666666, 18.18, 17.08, 16.913333333333334, 16.413333333333334, 15.933333333333334, 15.433333333333334, 14.973333333333333, 15.12, 14.506666666666666, 14.473333333333333, 14.373333333333333, 14.573333333333334, 14.113333333333333, 14.313333333333333, 14.393333333333333, 14.006666666666666, 13.28, 12.706666666666667, 13.126666666666667, 13.153333333333334, 13.286666666666667, 12.78, 13.1, 14.12, 13.58, 13.54, 13.553333333333333, 13.293333333333333, 12.833333333333334, 13.093333333333334, 13.58, 13.42, 12.4, 13.146666666666667, 13.66, 13.246666666666666, 12.62, 11.88, 11.946666666666667, 11.686666666666667, 11.873333333333333, 12.286666666666667, 12.633333333333333, 12.84, 12.1, 12.286666666666667, 11.52]
[51.04666666666667, 46.27333333333333, 42.36666666666667, 40.093333333333334, 37.82, 36.06, 34.42666666666667, 33.27333333333333, 31.72, 30.36, 29.34, 28.64, 28.06, 26.833333333333332, 25.906666666666666, 25.266666666666666, 24.426666666666666, 23.773333333333333, 23.166666666666668, 21.893333333333334, 21.746666666666666, 20.44, 19.56, 19.446666666666665, 19.346666666666668, 19.313333333333333, 18.706666666666667, 18.773333333333333, 18.6, 17.94, 17.233333333333334, 16.54, 16.066666666666666, 15.653333333333334, 16.293333333333333, 16.086666666666666, 15.0, 14.073333333333334, 14.14, 14.666666666666666, 14.333333333333334, 14.326666666666666, 13.893333333333333, 13.74, 13.146666666666667, 13.066666666666666, 12.806666666666667, 12.566666666666666, 12.206666666666667, 12.106666666666667, 12.173333333333334, 12.46]
[51.04666666666667, 46.346666666666664, 42.846666666666664, 39.70666666666666, 37.446666666666665, 34.6, 33.03333333333333, 31.313333333333333, 29.86, 27.926666666666666, 25.393333333333334, 23.4, 21.253333333333334, 19.533333333333335, 19.226666666666667, 18.426666666666666, 17.69333333333333, 17.0, 16.706666666666667, 15.853333333333333, 15.24, 14.726666666666667, 14.1, 13.366666666666667, 12.58, 12.533333333333333, 11.866666666666667, 11.426666666666666, 11.926666666666666, 11.926666666666666, 12.54, 12.713333333333333, 12.926666666666666, 13.266666666666667, 13.346666666666666, 12.22, 12.146666666666667, 11.586666666666666, 11.566666666666666, 12.733333333333333, 11.96, 11.9, 12.066666666666666]
[51.11333333333334, 46.54666666666667, 42.88, 40.85333333333333, 38.233333333333334, 35.553333333333335, 32.3, 29.906666666666666, 28.346666666666668, 27.093333333333334, 27.1, 25.85333333333333, 25.486666666666668, 24.473333333333333, 24.04, 23.613333333333333, 22.673333333333332, 21.68, 20.526666666666667, 19.726666666666667, 18.74, 18.22, 17.786666666666665, 17.213333333333335, 16.186666666666667, 16.113333333333333, 16.066666666666666, 16.526666666666667, 15.613333333333333, 14.86, 14.953333333333333, 15.06, 14.366666666666667, 14.553333333333333, 13.593333333333334, 13.14, 12.713333333333333, 13.486666666666666, 13.406666666666666, 13.133333333333333, 13.713333333333333, 13.773333333333333, 13.053333333333333, 13.053333333333333, 12.713333333333333, 12.353333333333333, 11.733333333333333, 12.24, 12.76, 12.24, 12.36, 11.68, 12.313333333333333, 12.633333333333333, 13.326666666666666, 12.786666666666667, 11.913333333333334, 11.493333333333334, 11.366666666666667, 11.533333333333333, 10.84]
[51.306666666666665, 46.60666666666667, 42.06666666666667, 38.35333333333333, 35.88, 34.34, 32.11333333333334, 29.54, 27.206666666666667, 24.066666666666666, 22.54, 20.973333333333333, 19.38, 18.6, 18.2, 17.273333333333333, 15.786666666666667, 14.593333333333334, 14.226666666666667, 14.006666666666666, 13.22, 13.153333333333334, 13.186666666666667, 13.266666666666667, 12.053333333333333, 12.22, 12.72, 12.206666666666667, 12.4, 12.133333333333333, 12.08, 12.813333333333333, 12.526666666666667]
[51.18, 46.18666666666667, 42.25333333333333, 39.24, 35.333333333333336, 32.74666666666667, 31.786666666666665, 30.133333333333333, 29.84, 28.606666666666666, 27.35333333333333, 26.553333333333335, 25.413333333333334, 24.52, 23.593333333333334, 22.446666666666665, 22.033333333333335, 20.82, 20.30666666666667, 19.98, 18.78, 18.16, 17.28, 17.786666666666665, 18.326666666666668, 17.326666666666668, 17.30666666666667, 17.766666666666666, 17.733333333333334, 17.026666666666667, 16.12, 16.173333333333332, 16.513333333333332, 16.98, 16.64, 16.226666666666667, 16.946666666666665, 16.886666666666667, 16.633333333333333, 16.133333333333333, 15.98, 14.52, 14.033333333333333, 13.913333333333334, 13.513333333333334, 13.306666666666667, 12.866666666666667, 12.293333333333333, 11.906666666666666, 12.446666666666667, 12.286666666666667, 11.56, 11.453333333333333, 11.54]
[50.873333333333335, 47.46666666666667, 42.81333333333333, 39.32666666666667, 36.24666666666667, 34.54666666666667, 32.99333333333333, 31.793333333333333, 29.793333333333333, 27.813333333333333, 27.69333333333333, 27.093333333333334, 25.946666666666665, 25.44, 24.906666666666666, 24.2, 22.593333333333334, 20.833333333333332, 19.30666666666667, 18.34, 17.153333333333332, 16.48, 15.406666666666666, 15.106666666666667, 14.546666666666667, 13.906666666666666, 13.4, 12.54, 11.713333333333333, 12.053333333333333, 12.713333333333333, 13.006666666666666, 12.106666666666667, 11.486666666666666, 10.646666666666667, 11.113333333333333]
[51.0, 45.153333333333336, 41.846666666666664, 38.946666666666665, 37.26, 35.22666666666667, 32.873333333333335, 31.473333333333333, 29.56, 28.266666666666666, 27.533333333333335, 25.94, 25.633333333333333, 24.7, 24.126666666666665, 24.14666666666667, 23.206666666666667, 22.42, 22.126666666666665, 22.35333333333333, 22.48, 22.666666666666668, 22.206666666666667, 22.053333333333335, 20.69333333333333, 19.86, 18.84, 18.586666666666666, 18.833333333333332, 19.153333333333332, 17.86, 17.48, 17.58, 16.85333333333333, 16.753333333333334, 16.313333333333333, 15.793333333333333, 15.686666666666667, 15.233333333333333, 14.966666666666667, 15.113333333333333, 14.56, 14.166666666666666, 13.606666666666667, 13.84, 13.893333333333333, 14.166666666666666, 13.9, 14.14, 13.333333333333334, 12.76, 13.153333333333334, 13.513333333333334, 13.633333333333333, 13.753333333333334, 13.153333333333334, 12.973333333333333, 13.933333333333334, 13.293333333333333, 13.093333333333334, 13.22, 13.106666666666667, 13.826666666666666, 14.133333333333333, 13.913333333333334, 13.746666666666666, 13.526666666666667, 13.933333333333334, 14.093333333333334, 14.286666666666667, 14.12, 13.706666666666667, 13.58, 13.986666666666666, 13.213333333333333, 12.88, 13.746666666666666, 13.3, 13.52, 13.973333333333333, 13.713333333333333, 13.96, 14.153333333333334, 14.206666666666667, 14.233333333333333, 14.52, 13.96, 14.213333333333333, 14.226666666666667, 14.193333333333333, 14.48, 15.006666666666666, 13.886666666666667, 13.693333333333333, 12.553333333333333, 12.14, 11.606666666666667, 11.406666666666666, 12.013333333333334, 11.733333333333333, 12.64, 12.386666666666667, 11.833333333333334]
[51.00666666666667, 46.193333333333335, 42.473333333333336, 39.626666666666665, 37.46666666666667, 35.39333333333333, 32.64666666666667, 30.28, 27.973333333333333, 25.613333333333333, 23.013333333333332, 21.12, 19.14, 17.726666666666667, 16.44, 15.56, 14.726666666666667, 14.493333333333334, 13.713333333333333, 13.053333333333333, 13.233333333333333, 13.166666666666666, 12.413333333333334, 12.0, 11.18, 11.193333333333333, 11.066666666666666, 11.186666666666667, 11.1, 11.46, 11.626666666666667, 11.126666666666667, 11.12, 10.713333333333333, 10.68, 10.746666666666666, 11.68, 12.093333333333334, 12.26, 13.626666666666667, 12.16, 12.473333333333333, 11.573333333333334, 11.54, 11.4, 11.226666666666667, 11.073333333333334, 10.68, 10.973333333333333, 11.22, 11.013333333333334]
[50.58, 45.72666666666667, 42.38666666666666, 40.02, 37.18, 33.5, 30.613333333333333, 28.866666666666667, 27.30666666666667, 26.013333333333332, 24.526666666666667, 24.073333333333334, 23.94, 23.16, 22.453333333333333, 21.973333333333333, 22.026666666666667, 21.76, 21.613333333333333, 21.113333333333333, 20.673333333333332, 20.12, 20.28, 19.78, 19.68, 19.88, 19.88, 18.66, 18.12, 18.206666666666667, 17.773333333333333, 16.946666666666665, 17.133333333333333, 17.266666666666666, 17.2, 17.233333333333334, 16.686666666666667, 15.84, 15.96, 15.353333333333333, 15.813333333333333, 15.226666666666667, 14.926666666666666, 14.6, 13.533333333333333, 12.386666666666667]
[52.04666666666667, 46.333333333333336, 41.973333333333336, 38.88, 37.36, 35.693333333333335, 33.61333333333334, 31.773333333333333, 29.866666666666667, 28.846666666666668, 27.6, 26.393333333333334, 25.14, 24.506666666666668, 22.946666666666665, 21.64, 21.106666666666666, 20.006666666666668, 19.173333333333332, 17.68, 17.1, 16.88, 16.826666666666668, 16.553333333333335, 16.173333333333332, 16.133333333333333, 14.853333333333333, 14.606666666666667, 14.093333333333334, 14.26, 13.173333333333334, 13.093333333333334, 13.093333333333334, 12.68, 12.66, 12.46, 12.733333333333333, 11.846666666666666, 12.073333333333334, 11.64, 12.133333333333333, 12.733333333333333, 11.733333333333333]
[51.333333333333336, 47.38666666666666, 44.64666666666667, 42.21333333333333, 40.486666666666665, 38.14, 36.26, 34.833333333333336, 33.75333333333333, 31.933333333333334, 30.446666666666665, 29.266666666666666, 27.72, 26.18, 24.033333333333335, 22.69333333333333, 22.08, 21.62, 20.733333333333334, 19.526666666666667, 18.64666666666667, 18.026666666666667, 17.233333333333334, 16.793333333333333, 16.69333333333333, 16.786666666666665, 16.64666666666667, 16.106666666666666, 15.553333333333333, 15.913333333333334, 15.86, 14.98, 14.326666666666666, 14.206666666666667, 13.873333333333333, 13.173333333333334, 12.933333333333334, 12.366666666666667]
[50.17333333333333, 46.166666666666664, 43.126666666666665, 39.553333333333335, 36.93333333333333, 34.56, 33.166666666666664, 30.973333333333333, 28.78, 27.3, 26.346666666666668, 25.233333333333334, 24.34, 22.76, 21.526666666666667, 21.053333333333335, 20.62, 19.48, 18.85333333333333, 18.346666666666668, 17.653333333333332, 16.48, 16.873333333333335, 15.613333333333333, 15.786666666666667, 15.266666666666667, 14.66, 15.0, 15.013333333333334, 14.233333333333333, 14.213333333333333, 13.4, 12.586666666666666, 13.286666666666667, 13.6, 12.96, 13.273333333333333, 12.386666666666667, 12.673333333333334, 12.893333333333333, 12.673333333333334, 12.12, 12.593333333333334, 12.773333333333333]
[51.086666666666666, 46.31333333333333, 42.88, 40.74666666666667, 38.733333333333334, 36.50666666666667, 34.74, 33.08, 31.86, 30.22, 29.126666666666665, 28.54, 26.94, 25.893333333333334, 24.526666666666667, 23.28, 22.38, 22.1, 20.993333333333332, 19.913333333333334, 17.893333333333334, 17.433333333333334, 17.166666666666668, 15.98, 14.82, 14.993333333333334, 13.713333333333333, 12.52, 12.0, 12.806666666666667, 12.033333333333333, 12.34]
[50.50666666666667, 46.27333333333333, 42.81333333333333, 40.74666666666667, 38.68666666666667, 36.86, 34.96, 33.4, 30.926666666666666, 28.84, 27.993333333333332, 26.213333333333335, 24.986666666666668, 23.273333333333333, 21.35333333333333, 19.526666666666667, 18.14, 16.6, 15.68, 15.093333333333334, 15.373333333333333, 14.386666666666667, 13.853333333333333, 13.806666666666667, 13.273333333333333, 13.633333333333333, 12.646666666666667, 12.673333333333334, 12.46, 12.32, 12.693333333333333, 13.013333333333334, 12.533333333333333, 12.66, 13.0, 12.666666666666666, 12.0, 12.18, 12.44, 13.073333333333334, 12.586666666666666, 13.213333333333333, 12.526666666666667, 11.12, 10.433333333333334, 10.68, 10.993333333333334, 12.04, 11.0, 10.346666666666666, 10.786666666666667, 10.806666666666667]
[51.42666666666667, 46.833333333333336, 43.586666666666666, 40.93333333333333, 38.486666666666665, 35.906666666666666, 33.846666666666664, 32.79333333333334, 30.653333333333332, 28.14, 25.48, 24.046666666666667, 23.1, 21.58, 20.826666666666668, 20.12, 19.32, 18.96, 18.2, 17.78, 17.85333333333333, 17.486666666666668, 17.573333333333334, 17.126666666666665, 17.273333333333333, 16.44, 15.813333333333333, 15.72, 15.413333333333334, 14.713333333333333, 14.826666666666666, 14.66, 15.266666666666667, 14.913333333333334, 14.873333333333333, 14.56, 15.28, 14.733333333333333, 14.08, 13.333333333333334, 12.68, 12.293333333333333, 12.506666666666666, 12.473333333333333, 12.18]
[51.52, 47.77333333333333, 44.72, 42.64, 39.986666666666665, 37.473333333333336, 34.35333333333333, 32.38666666666666, 31.56, 30.06, 28.22, 26.42, 25.613333333333333, 24.673333333333332, 24.30666666666667, 23.633333333333333, 22.813333333333333, 22.173333333333332, 21.833333333333332, 21.673333333333332, 21.04, 21.093333333333334, 20.54, 20.486666666666668, 19.82, 19.433333333333334, 19.813333333333333, 19.74, 19.566666666666666, 19.42, 18.933333333333334, 18.406666666666666, 17.833333333333332, 17.24, 17.64, 17.033333333333335, 16.68, 15.533333333333333, 15.506666666666666, 15.14, 14.386666666666667, 13.273333333333333, 12.526666666666667, 11.753333333333334, 12.553333333333333, 12.18]
[51.9, 47.18666666666667, 44.346666666666664, 41.6, 38.44, 34.71333333333333, 31.726666666666667, 29.54, 28.746666666666666, 27.446666666666665, 27.033333333333335, 26.35333333333333, 24.86, 24.086666666666666, 23.54, 22.66, 22.14666666666667, 21.513333333333332, 20.9, 20.486666666666668, 20.16, 19.793333333333333, 19.64666666666667, 19.286666666666665, 19.02, 19.2, 18.606666666666666, 18.34, 17.933333333333334, 17.58, 16.846666666666668, 16.153333333333332, 15.173333333333334, 14.56, 14.053333333333333, 13.353333333333333, 13.16, 13.233333333333333, 12.54]
[51.586666666666666, 47.02, 44.266666666666666, 41.53333333333333, 39.093333333333334, 37.45333333333333, 36.27333333333333, 35.32, 34.12, 33.28666666666667, 31.8, 30.24, 29.80666666666667, 28.026666666666667, 26.96, 26.073333333333334, 24.68, 24.133333333333333, 23.373333333333335, 22.746666666666666, 22.18, 21.553333333333335, 20.44, 19.846666666666668, 18.54, 18.206666666666667, 17.34, 16.42, 15.98, 15.613333333333333, 15.806666666666667, 15.6, 15.133333333333333, 14.18, 13.6, 13.113333333333333, 12.306666666666667, 12.28, 12.006666666666666, 12.026666666666667, 12.433333333333334, 12.3]
[51.693333333333335, 46.0, 42.36666666666667, 39.586666666666666, 36.74666666666667, 34.86666666666667, 33.46666666666667, 31.866666666666667, 30.593333333333334, 29.84, 27.84, 26.96, 25.4, 23.893333333333334, 22.813333333333333, 21.85333333333333, 20.92, 19.94, 18.826666666666668, 17.64666666666667, 18.226666666666667, 17.793333333333333, 17.233333333333334, 16.213333333333335, 16.2, 16.313333333333333, 16.506666666666668, 16.433333333333334, 16.34, 15.84, 14.786666666666667, 14.573333333333334, 13.873333333333333]
[51.18666666666667, 47.27333333333333, 44.32, 41.56666666666667, 38.98, 36.6, 34.54666666666667, 32.24666666666667, 30.72, 28.48, 26.726666666666667, 25.826666666666668, 24.246666666666666, 23.066666666666666, 21.546666666666667, 20.286666666666665, 19.666666666666668, 18.033333333333335, 16.766666666666666, 16.006666666666668, 15.58, 14.68, 13.6, 13.706666666666667, 13.693333333333333, 13.626666666666667, 12.713333333333333, 13.0, 13.28, 12.813333333333333, 12.546666666666667, 12.72, 12.753333333333334, 12.5, 12.113333333333333, 11.553333333333333, 11.026666666666667, 11.24, 11.22]
[51.39333333333333, 47.16, 43.61333333333334, 40.49333333333333, 38.14666666666667, 35.34, 33.333333333333336, 32.166666666666664, 30.793333333333333, 29.393333333333334, 28.133333333333333, 27.113333333333333, 26.48, 26.266666666666666, 25.813333333333333, 25.313333333333333, 24.286666666666665, 23.926666666666666, 23.22, 21.88, 20.78, 20.34, 19.466666666666665, 19.35333333333333, 18.873333333333335, 18.606666666666666, 17.726666666666667, 16.9, 16.606666666666666, 16.26, 15.926666666666666, 15.733333333333333, 15.733333333333333, 15.22, 15.606666666666667, 15.446666666666667, 15.22, 15.066666666666666, 15.113333333333333, 15.026666666666667, 14.913333333333334, 15.22, 14.953333333333333, 14.246666666666666, 14.253333333333334, 13.4, 13.28, 13.02, 12.713333333333333]
[52.3, 47.06666666666667, 43.9, 41.693333333333335, 39.593333333333334, 38.166666666666664, 36.593333333333334, 34.913333333333334, 33.093333333333334, 31.8, 29.76, 27.933333333333334, 26.153333333333332, 24.026666666666667, 22.286666666666665, 20.726666666666667, 19.24, 19.053333333333335, 18.1, 15.866666666666667, 14.373333333333333, 13.76, 13.646666666666667, 12.74, 12.026666666666667, 12.0, 13.0]
[51.04, 46.63333333333333, 43.42, 40.64, 38.74, 36.78666666666667, 34.586666666666666, 33.153333333333336, 32.10666666666667, 30.36, 28.96, 27.453333333333333, 26.873333333333335, 26.526666666666667, 24.94, 24.733333333333334, 24.586666666666666, 23.7, 23.373333333333335, 22.64666666666667, 22.30666666666667, 20.966666666666665, 19.433333333333334, 18.073333333333334, 17.566666666666666, 17.453333333333333, 17.06, 16.58, 16.35333333333333, 15.393333333333333, 15.226666666666667, 14.253333333333334, 14.573333333333334, 14.06, 12.786666666666667, 12.48, 12.086666666666666, 11.973333333333333, 11.76, 11.313333333333333, 11.286666666666667]
[50.973333333333336, 46.12, 43.00666666666667, 39.74666666666667, 35.74666666666667, 32.50666666666667, 30.35333333333333, 28.673333333333332, 27.38, 26.066666666666666, 24.086666666666666, 23.253333333333334, 22.773333333333333, 22.64666666666667, 22.286666666666665, 21.346666666666668, 20.02, 19.126666666666665, 18.166666666666668, 17.473333333333333, 16.713333333333335, 15.653333333333334, 14.106666666666667, 13.726666666666667, 13.706666666666667, 13.373333333333333, 13.146666666666667, 12.793333333333333, 12.386666666666667, 11.686666666666667, 11.62, 11.78, 11.96, 12.073333333333334, 12.54, 13.146666666666667, 12.94, 12.686666666666667, 12.406666666666666, 12.1, 12.326666666666666, 12.22, 12.66, 12.266666666666667, 12.52, 13.106666666666667, 12.706666666666667]
[51.42666666666667, 46.766666666666666, 42.9, 40.96, 38.18, 35.71333333333333, 33.733333333333334, 32.18, 30.546666666666667, 27.54, 25.7, 24.28, 23.613333333333333, 22.62, 22.426666666666666, 21.62, 21.36, 21.026666666666667, 20.1, 19.033333333333335, 18.32, 18.36, 16.826666666666668, 16.06, 15.36, 14.253333333333334, 13.913333333333334, 13.546666666666667, 13.793333333333333, 13.453333333333333, 13.48, 13.34, 12.773333333333333]
[51.21333333333333, 47.46, 44.5, 41.57333333333333, 39.153333333333336, 35.68, 32.013333333333335, 29.946666666666665, 28.126666666666665, 26.573333333333334, 25.32, 23.953333333333333, 22.84, 22.013333333333332, 21.42, 20.52, 19.906666666666666, 18.82, 17.953333333333333, 17.44, 16.80666666666667, 16.346666666666668, 16.6, 16.393333333333334, 16.573333333333334, 15.906666666666666, 15.706666666666667, 15.0, 14.18, 13.813333333333333, 12.68, 12.206666666666667, 12.273333333333333, 11.766666666666667, 12.306666666666667, 12.173333333333334]
[50.78666666666667, 46.70666666666666, 43.76, 40.49333333333333, 37.67333333333333, 34.68, 32.28666666666667, 30.633333333333333, 29.733333333333334, 28.753333333333334, 27.6, 26.78, 26.18, 25.173333333333332, 23.986666666666668, 23.833333333333332, 23.186666666666667, 22.373333333333335, 21.893333333333334, 21.7, 20.813333333333333, 20.64, 19.82, 19.64666666666667, 19.36, 19.273333333333333, 18.78, 18.526666666666667, 18.433333333333334, 18.5, 18.12, 18.24, 18.32, 17.64, 17.86, 17.266666666666666, 16.32, 16.30666666666667, 16.35333333333333, 15.5, 15.413333333333334, 15.426666666666666, 15.206666666666667, 14.506666666666666, 14.346666666666666, 14.626666666666667, 14.94, 14.366666666666667, 13.68, 13.32, 12.753333333333334, 13.693333333333333, 13.726666666666667, 12.853333333333333, 12.48, 12.766666666666667, 12.04, 11.74, 11.646666666666667, 11.58, 12.186666666666667, 12.726666666666667, 11.866666666666667, 11.826666666666666, 11.66, 12.026666666666667, 12.04, 12.446666666666667, 12.073333333333334, 12.126666666666667, 12.04, 11.273333333333333, 10.56, 10.793333333333333]
[51.26, 46.473333333333336, 43.84, 41.02, 38.32666666666667, 36.38666666666666, 34.8, 32.986666666666665, 31.613333333333333, 30.073333333333334, 27.86, 26.946666666666665, 25.293333333333333, 24.9, 24.08, 23.846666666666668, 23.2, 22.30666666666667, 21.76, 20.933333333333334, 19.653333333333332, 19.266666666666666, 19.106666666666666, 18.85333333333333, 17.88, 16.92, 16.80666666666667, 15.78, 14.893333333333333, 14.766666666666667, 14.226666666666667, 14.326666666666666, 14.186666666666667, 14.526666666666667, 15.12, 15.36, 15.333333333333334, 15.086666666666666, 14.426666666666666, 13.78, 13.766666666666667, 12.84, 12.58, 12.146666666666667, 12.0, 12.226666666666667, 12.54, 12.546666666666667, 12.846666666666666, 12.28]
[50.57333333333333, 46.28666666666667, 42.93333333333333, 39.81333333333333, 38.07333333333333, 36.28, 35.12, 33.32666666666667, 31.253333333333334, 29.573333333333334, 28.633333333333333, 27.386666666666667, 26.286666666666665, 25.293333333333333, 24.64, 23.846666666666668, 22.126666666666665, 20.466666666666665, 19.56, 19.173333333333332, 17.826666666666668, 16.826666666666668, 15.986666666666666, 16.213333333333335, 16.006666666666668, 15.626666666666667, 14.72, 14.68, 14.426666666666666, 14.7, 14.786666666666667, 14.806666666666667, 14.873333333333333, 14.78, 14.773333333333333, 14.54, 13.273333333333333, 13.213333333333333, 13.346666666666666, 13.306666666666667, 12.866666666666667, 13.16, 13.58, 14.1, 13.08, 12.366666666666667, 11.786666666666667, 11.993333333333334, 11.386666666666667, 11.026666666666667, 10.32, 11.366666666666667, 11.353333333333333, 11.706666666666667, 11.686666666666667, 10.96, 11.186666666666667, 11.406666666666666, 11.68]
[51.553333333333335, 46.00666666666667, 42.4, 38.973333333333336, 36.946666666666665, 34.42666666666667, 31.493333333333332, 29.30666666666667, 26.873333333333335, 25.566666666666666, 24.28, 22.86, 21.566666666666666, 19.8, 19.786666666666665, 18.506666666666668, 17.86, 17.373333333333335, 16.793333333333333, 15.573333333333334, 14.84, 14.04, 13.22, 12.946666666666667, 12.333333333333334, 11.56, 12.186666666666667, 11.6, 11.653333333333334, 11.186666666666667, 11.166666666666666, 10.846666666666666]
[51.64, 46.60666666666667, 42.61333333333334, 39.86, 37.42666666666667, 35.026666666666664, 33.57333333333333, 31.513333333333332, 30.586666666666666, 28.626666666666665, 27.293333333333333, 25.88, 24.466666666666665, 23.64666666666667, 22.393333333333334, 21.74, 20.586666666666666, 20.14666666666667, 19.68, 18.833333333333332, 18.133333333333333, 17.333333333333332, 16.946666666666665, 16.48, 15.786666666666667, 15.066666666666666, 14.433333333333334, 14.426666666666666, 13.993333333333334, 13.52, 13.293333333333333, 12.706666666666667, 11.52, 12.413333333333334, 12.226666666666667, 12.92, 12.153333333333334, 12.046666666666667, 11.826666666666666, 11.18]
[51.333333333333336, 47.11333333333334, 44.446666666666665, 41.89333333333333, 39.26, 36.88666666666666, 36.02, 35.333333333333336, 34.2, 32.733333333333334, 31.066666666666666, 30.186666666666667, 29.26, 28.213333333333335, 26.85333333333333, 24.793333333333333, 22.873333333333335, 21.513333333333332, 21.2, 20.84, 19.5, 18.46, 17.086666666666666, 16.226666666666667, 16.046666666666667, 14.906666666666666, 14.36, 13.613333333333333, 13.546666666666667, 13.193333333333333, 12.226666666666667, 12.04, 12.253333333333334, 11.713333333333333]
[51.053333333333335, 46.46666666666667, 43.68666666666667, 40.85333333333333, 39.11333333333334, 36.77333333333333, 34.733333333333334, 32.25333333333333, 31.153333333333332, 30.106666666666666, 28.713333333333335, 27.986666666666668, 27.206666666666667, 25.633333333333333, 23.933333333333334, 22.69333333333333, 22.813333333333333, 21.846666666666668, 21.14666666666667, 20.973333333333333, 19.84, 18.766666666666666, 18.273333333333333, 18.393333333333334, 17.78, 16.88, 16.726666666666667, 16.2, 15.873333333333333, 15.573333333333334, 15.74, 15.486666666666666]
[51.67333333333333, 47.10666666666667, 43.46666666666667, 40.75333333333333, 38.906666666666666, 36.473333333333336, 35.24, 34.24666666666667, 33.093333333333334, 32.233333333333334, 30.85333333333333, 30.06, 28.993333333333332, 27.96, 27.36, 26.02, 24.986666666666668, 23.64666666666667, 22.133333333333333, 20.946666666666665, 19.68, 18.66, 17.486666666666668, 16.613333333333333, 16.526666666666667, 15.686666666666667, 15.5, 14.733333333333333, 14.586666666666666, 13.986666666666666, 13.306666666666667, 13.706666666666667, 13.473333333333333, 12.54, 13.24, 12.32, 12.666666666666666, 12.153333333333334, 11.9, 12.253333333333334, 12.726666666666667, 11.773333333333333, 12.106666666666667, 12.54, 12.253333333333334, 12.38]
[50.38666666666666, 46.14666666666667, 43.846666666666664, 41.70666666666666, 40.32666666666667, 38.32, 36.45333333333333, 34.333333333333336, 32.486666666666665, 30.773333333333333, 29.166666666666668, 27.833333333333332, 25.68, 24.493333333333332, 23.186666666666667, 21.213333333333335, 19.7, 18.433333333333334, 17.373333333333335, 16.266666666666666, 14.993333333333334, 14.466666666666667, 14.053333333333333, 14.086666666666666, 13.066666666666666, 13.026666666666667, 12.046666666666667, 12.153333333333334, 11.593333333333334, 12.093333333333334, 12.273333333333333, 11.726666666666667, 12.046666666666667, 12.173333333333334, 11.586666666666666, 11.366666666666667, 11.466666666666667, 11.786666666666667]
[50.72666666666667, 47.12, 44.473333333333336, 42.00666666666667, 38.70666666666666, 36.77333333333333, 35.553333333333335, 34.306666666666665, 32.36666666666667, 29.85333333333333, 27.753333333333334, 26.106666666666666, 23.72, 22.126666666666665, 21.286666666666665, 19.986666666666668, 19.333333333333332, 19.173333333333332, 18.7, 17.96, 17.14666666666667, 16.74, 16.12, 15.88, 16.16, 15.206666666666667, 14.673333333333334, 13.713333333333333, 13.446666666666667, 13.753333333333334, 13.266666666666667, 12.62, 11.753333333333334, 12.173333333333334, 12.113333333333333, 12.353333333333333, 12.053333333333333, 12.066666666666666, 12.053333333333333, 11.306666666666667, 10.76, 10.986666666666666, 10.72, 11.046666666666667, 11.16, 11.066666666666666, 11.38, 10.866666666666667, 11.566666666666666, 11.466666666666667, 11.326666666666666, 11.206666666666667, 12.4, 11.84, 11.373333333333333, 11.793333333333333, 11.606666666666667, 11.506666666666666, 11.746666666666666, 10.78, 11.953333333333333, 11.353333333333333, 11.58, 11.48, 11.686666666666667, 10.646666666666667, 10.333333333333334, 10.466666666666667, 11.1]
[51.04, 46.5, 43.306666666666665, 40.13333333333333, 37.64, 35.86, 33.24666666666667, 30.88, 27.933333333333334, 26.666666666666668, 25.873333333333335, 25.30666666666667, 24.346666666666668, 23.74, 22.873333333333335, 22.753333333333334, 22.326666666666668, 22.466666666666665, 22.233333333333334, 21.48, 20.573333333333334, 19.62, 19.26, 18.48, 17.446666666666665, 17.16, 16.846666666666668, 16.633333333333333, 16.013333333333332, 15.46, 14.706666666666667, 15.433333333333334, 14.886666666666667, 14.9, 14.2, 13.446666666666667, 12.413333333333334]
[50.413333333333334, 46.63333333333333, 43.833333333333336, 40.99333333333333, 38.60666666666667, 36.553333333333335, 34.81333333333333, 32.44, 30.673333333333332, 28.733333333333334, 27.533333333333335, 26.373333333333335, 24.906666666666666, 23.98, 23.9, 23.2, 23.046666666666667, 22.02, 21.666666666666668, 20.85333333333333, 20.906666666666666, 19.873333333333335, 18.733333333333334, 18.2, 17.586666666666666, 16.7, 16.34, 17.14666666666667, 17.14, 16.626666666666665, 17.28, 16.453333333333333, 15.833333333333334, 16.046666666666667, 15.513333333333334, 15.306666666666667, 15.573333333333334, 15.546666666666667, 15.1, 13.26, 12.08, 11.74, 11.86, 13.066666666666666, 12.993333333333334, 13.58, 13.493333333333334, 13.04, 12.94, 12.393333333333333, 12.753333333333334, 12.506666666666666]
[50.193333333333335, 45.086666666666666, 42.06, 38.86, 36.54, 34.70666666666666, 32.913333333333334, 30.453333333333333, 27.926666666666666, 25.12, 22.266666666666666, 20.88, 19.6, 19.753333333333334, 19.233333333333334, 18.973333333333333, 18.313333333333333, 17.726666666666667, 17.24, 17.133333333333333, 17.113333333333333, 17.08, 16.006666666666668, 15.886666666666667, 15.68, 15.293333333333333, 15.38, 14.706666666666667, 14.153333333333334, 14.546666666666667, 14.413333333333334, 14.673333333333334, 14.34, 13.993333333333334, 13.88, 14.286666666666667, 14.286666666666667, 15.42, 15.186666666666667, 13.813333333333333, 13.1, 13.053333333333333, 12.486666666666666, 12.5]
[51.32, 47.846666666666664, 44.8, 42.26, 39.82, 37.86666666666667, 35.86, 33.56, 31.766666666666666, 30.2, 29.16, 27.913333333333334, 26.773333333333333, 25.553333333333335, 25.30666666666667, 23.913333333333334, 23.14, 22.393333333333334, 21.18, 20.6, 19.733333333333334, 19.86, 19.4, 19.32, 17.28, 17.38, 17.30666666666667, 17.26, 16.946666666666665, 16.446666666666665, 15.72, 14.913333333333334, 15.013333333333334, 14.686666666666667, 14.466666666666667, 14.28, 14.24, 14.426666666666666, 14.466666666666667, 14.6, 13.613333333333333, 12.853333333333333, 13.286666666666667, 12.853333333333333, 12.3, 12.293333333333333, 12.226666666666667, 11.68, 11.513333333333334, 11.453333333333333, 11.06, 11.646666666666667, 11.933333333333334, 11.053333333333333, 11.046666666666667]
[50.86666666666667, 46.67333333333333, 43.63333333333333, 41.08, 39.20666666666666, 37.10666666666667, 35.193333333333335, 33.42, 31.58, 31.06, 30.12, 29.2, 28.333333333333332, 26.773333333333333, 25.606666666666666, 25.42, 24.26, 23.093333333333334, 22.886666666666667, 22.713333333333335, 22.046666666666667, 20.726666666666667, 19.173333333333332, 18.3, 18.073333333333334, 17.94, 17.35333333333333, 17.62, 16.9, 16.653333333333332, 16.453333333333333, 16.3, 15.206666666666667, 15.34, 15.293333333333333, 15.066666666666666, 14.753333333333334, 14.926666666666666, 15.16, 15.606666666666667, 15.453333333333333, 14.746666666666666, 14.94, 14.386666666666667, 14.226666666666667, 13.546666666666667, 12.6, 13.246666666666666]
[51.153333333333336, 46.333333333333336, 42.86, 39.833333333333336, 37.24, 34.63333333333333, 31.566666666666666, 29.366666666666667, 27.386666666666667, 26.34, 25.886666666666667, 24.98, 25.066666666666666, 23.433333333333334, 21.946666666666665, 21.86, 22.126666666666665, 21.073333333333334, 20.38, 19.973333333333333, 19.14666666666667, 18.16, 17.413333333333334, 17.393333333333334, 17.226666666666667, 16.69333333333333, 16.493333333333332, 16.386666666666667, 16.466666666666665, 16.12, 15.906666666666666, 15.593333333333334, 15.4, 15.306666666666667, 14.58, 13.906666666666666, 12.88, 12.406666666666666, 13.366666666666667, 13.213333333333333, 12.386666666666667, 11.806666666666667, 11.9, 11.4, 11.88, 11.713333333333333, 11.8, 12.366666666666667]
[51.12, 46.63333333333333, 42.56, 39.86666666666667, 37.666666666666664, 35.79333333333334, 33.5, 31.986666666666668, 30.56, 29.35333333333333, 28.24, 26.706666666666667, 25.96, 25.266666666666666, 24.586666666666666, 24.42, 23.666666666666668, 23.08, 22.366666666666667, 22.366666666666667, 22.166666666666668, 21.96, 21.626666666666665, 21.14666666666667, 21.046666666666667, 20.30666666666667, 19.926666666666666, 19.493333333333332, 19.086666666666666, 18.826666666666668, 17.766666666666666, 17.026666666666667, 16.6, 15.6, 15.04, 14.553333333333333, 14.066666666666666, 13.593333333333334, 13.586666666666666, 12.98, 12.693333333333333, 12.0, 12.046666666666667, 11.82]
[51.34, 45.89333333333333, 42.32, 40.32, 38.36, 36.72, 35.48, 33.58, 31.44, 29.826666666666668, 28.58, 27.3, 26.006666666666668, 24.613333333333333, 23.826666666666668, 21.933333333333334, 19.52, 18.653333333333332, 18.166666666666668, 16.706666666666667, 16.346666666666668, 16.026666666666667, 14.726666666666667, 13.853333333333333, 13.566666666666666, 14.12, 14.48, 14.146666666666667, 13.393333333333333, 12.946666666666667, 12.186666666666667, 11.78, 11.406666666666666, 11.093333333333334, 11.92, 12.493333333333334, 12.353333333333333, 12.326666666666666, 12.093333333333334, 11.72, 11.526666666666667, 12.053333333333333, 12.113333333333333, 12.013333333333334, 12.273333333333333, 12.62, 12.233333333333333, 12.033333333333333]
[51.02, 47.013333333333335, 42.95333333333333, 39.986666666666665, 37.45333333333333, 36.06666666666667, 34.82666666666667, 33.473333333333336, 31.573333333333334, 29.84, 28.72, 27.406666666666666, 26.54, 26.006666666666668, 24.886666666666667, 23.293333333333333, 22.366666666666667, 21.5, 20.153333333333332, 19.0, 17.82, 16.793333333333333, 16.906666666666666, 16.966666666666665, 16.453333333333333, 16.32, 16.086666666666666, 15.926666666666666, 15.153333333333334, 14.906666666666666, 14.34, 13.986666666666666, 13.86, 12.84, 13.1, 12.426666666666666, 11.78, 12.44, 12.593333333333334, 12.593333333333334, 12.406666666666666, 11.426666666666666]
[51.14, 47.31333333333333, 44.43333333333333, 41.92, 39.53333333333333, 37.31333333333333, 36.126666666666665, 34.2, 32.266666666666666, 31.106666666666666, 29.793333333333333, 28.066666666666666, 27.066666666666666, 26.08, 24.386666666666667, 22.513333333333332, 22.173333333333332, 21.713333333333335, 20.926666666666666, 19.86, 18.8, 18.213333333333335, 17.586666666666666, 17.58, 16.493333333333332, 16.573333333333334, 16.24, 15.186666666666667, 14.733333333333333, 14.62, 13.926666666666666, 13.746666666666666, 13.7, 13.14, 13.146666666666667, 12.58, 11.793333333333333, 11.813333333333333, 11.713333333333333, 11.186666666666667, 10.86, 10.786666666666667, 10.913333333333334, 10.94]
[50.973333333333336, 46.193333333333335, 42.553333333333335, 40.04666666666667, 37.593333333333334, 35.18, 33.5, 32.22, 29.88, 27.9, 26.613333333333333, 26.066666666666666, 24.04, 23.406666666666666, 23.16, 22.086666666666666, 20.733333333333334, 20.653333333333332, 20.393333333333334, 19.253333333333334, 18.36, 17.673333333333332, 15.94, 15.013333333333334, 13.986666666666666, 13.306666666666667, 13.066666666666666, 12.566666666666666, 12.28, 11.893333333333333, 11.426666666666666, 12.086666666666666, 11.606666666666667, 11.253333333333334, 11.64]
[51.053333333333335, 46.79333333333334, 43.46666666666667, 40.86666666666667, 38.12, 35.446666666666665, 33.553333333333335, 31.746666666666666, 30.74, 29.58, 28.64666666666667, 27.606666666666666, 26.673333333333332, 26.093333333333334, 25.64, 23.44, 21.633333333333333, 20.186666666666667, 19.14666666666667, 19.06, 19.28, 17.973333333333333, 16.753333333333334, 16.006666666666668, 14.953333333333333, 14.813333333333333, 14.213333333333333, 14.253333333333334, 13.946666666666667, 14.38, 14.38, 14.6, 14.033333333333333, 13.6, 12.933333333333334, 12.86, 12.726666666666667]
[50.78666666666667, 46.28, 42.373333333333335, 38.9, 36.50666666666667, 33.95333333333333, 32.346666666666664, 31.64, 29.786666666666665, 28.506666666666668, 26.94, 25.66, 24.546666666666667, 24.346666666666668, 23.42, 22.766666666666666, 21.573333333333334, 20.2, 18.98, 18.326666666666668, 17.953333333333333, 17.593333333333334, 17.926666666666666, 17.0, 15.626666666666667, 15.38, 15.833333333333334, 14.966666666666667, 14.386666666666667, 13.92, 13.633333333333333, 13.32, 13.733333333333333, 13.42, 13.04, 12.213333333333333]
[51.5, 46.526666666666664, 42.74666666666667, 39.9, 38.026666666666664, 36.18, 34.44, 33.553333333333335, 32.973333333333336, 32.266666666666666, 31.186666666666667, 30.24, 29.1, 28.253333333333334, 26.34, 25.42, 24.406666666666666, 23.7, 21.706666666666667, 20.006666666666668, 19.36, 18.466666666666665, 17.3, 16.6, 15.746666666666666, 14.64, 14.133333333333333, 13.686666666666667, 12.48, 12.82, 12.1, 11.826666666666666, 11.626666666666667, 11.006666666666666, 10.64, 11.573333333333334, 11.786666666666667, 12.026666666666667, 11.166666666666666, 11.313333333333333, 11.606666666666667, 11.566666666666666, 11.86, 11.933333333333334, 11.42, 11.233333333333333]
[51.64, 46.666666666666664, 43.81333333333333, 41.52, 39.25333333333333, 36.9, 34.486666666666665, 32.49333333333333, 30.413333333333334, 28.813333333333333, 27.6, 25.85333333333333, 24.613333333333333, 23.04, 22.0, 21.38, 20.893333333333334, 19.913333333333334, 18.553333333333335, 17.573333333333334, 17.46, 16.42, 16.346666666666668, 15.506666666666666, 15.446666666666667, 14.926666666666666, 14.2, 13.92, 13.866666666666667, 13.586666666666666, 13.393333333333333, 13.74, 14.146666666666667, 13.646666666666667, 12.92]
[51.04666666666667, 46.56, 41.57333333333333, 38.413333333333334, 35.99333333333333, 34.20666666666666, 32.04, 29.753333333333334, 28.086666666666666, 25.88, 25.493333333333332, 23.813333333333333, 22.493333333333332, 20.813333333333333, 19.32, 18.06, 18.406666666666666, 17.793333333333333, 16.573333333333334, 15.52, 14.88, 14.833333333333334, 14.24, 13.833333333333334, 13.446666666666667, 12.686666666666667, 12.906666666666666, 12.92, 11.8, 11.773333333333333, 12.393333333333333, 12.853333333333333, 13.233333333333333]
[50.89333333333333, 46.68, 42.6, 40.14666666666667, 38.733333333333334, 36.20666666666666, 34.38666666666666, 32.873333333333335, 32.3, 31.32, 30.733333333333334, 29.54, 28.686666666666667, 27.86, 26.606666666666666, 25.186666666666667, 24.453333333333333, 23.5, 22.94, 22.14666666666667, 21.586666666666666, 21.186666666666667, 20.953333333333333, 20.833333333333332, 20.82, 20.66, 19.733333333333334, 19.913333333333334, 19.526666666666667, 18.58, 18.64, 18.1, 18.38, 18.2, 18.313333333333333, 17.26, 17.846666666666668, 17.733333333333334, 17.406666666666666, 17.2, 16.053333333333335, 15.64, 15.493333333333334, 15.233333333333333, 14.693333333333333, 14.313333333333333, 14.566666666666666, 14.42, 14.566666666666666, 14.646666666666667, 14.893333333333333, 14.38, 15.193333333333333, 14.74, 14.306666666666667, 13.48, 13.56, 12.62, 12.06, 11.88, 12.52, 11.94, 11.713333333333333, 11.786666666666667]
[51.56666666666667, 47.52, 43.38, 40.32666666666667, 38.153333333333336, 36.54666666666667, 34.586666666666666, 32.75333333333333, 31.546666666666667, 30.053333333333335, 28.113333333333333, 26.68, 26.053333333333335, 25.28, 24.166666666666668, 22.84, 21.886666666666667, 20.573333333333334, 19.506666666666668, 18.293333333333333, 16.546666666666667, 15.386666666666667, 15.026666666666667, 15.613333333333333, 15.433333333333334, 14.98, 14.653333333333334, 14.146666666666667, 14.086666666666666, 13.706666666666667, 13.406666666666666, 13.06, 12.873333333333333, 13.64, 12.92, 12.58, 12.913333333333334, 13.013333333333334, 13.08, 12.473333333333333, 12.113333333333333, 11.373333333333333, 11.373333333333333, 11.06, 11.146666666666667, 10.88]
[51.07333333333333, 45.76, 42.593333333333334, 40.32666666666667, 38.07333333333333, 35.66, 34.306666666666665, 32.553333333333335, 31.673333333333332, 30.046666666666667, 28.56, 27.16, 25.786666666666665, 25.52, 24.786666666666665, 24.613333333333333, 23.773333333333333, 22.846666666666668, 22.546666666666667, 20.453333333333333, 20.213333333333335, 19.52, 18.173333333333332, 17.266666666666666, 15.886666666666667, 14.533333333333333, 14.233333333333333, 14.133333333333333, 14.0, 12.78, 12.973333333333333, 13.073333333333334, 13.366666666666667, 13.766666666666667, 13.56, 12.88, 12.426666666666666, 12.046666666666667, 10.886666666666667, 11.0, 10.906666666666666, 10.646666666666667]
[51.48, 47.64, 43.86666666666667, 41.06, 38.82, 36.92, 33.78666666666667, 31.48, 30.36, 28.973333333333333, 27.473333333333333, 25.80666666666667, 24.586666666666666, 23.6, 23.173333333333332, 23.033333333333335, 21.85333333333333, 20.886666666666667, 20.033333333333335, 19.053333333333335, 18.69333333333333, 17.553333333333335, 17.34, 16.69333333333333, 16.926666666666666, 17.153333333333332, 17.013333333333332, 16.2, 15.726666666666667, 15.013333333333334, 13.68, 13.386666666666667, 13.566666666666666, 13.12, 13.1, 12.38, 11.9, 11.86, 12.373333333333333, 12.4]
[51.58, 46.24, 41.81333333333333, 39.14666666666667, 37.58, 36.026666666666664, 34.42666666666667, 32.57333333333333, 30.746666666666666, 30.133333333333333, 28.08, 27.26, 25.713333333333335, 25.5, 23.913333333333334, 22.2, 21.28, 20.486666666666668, 19.866666666666667, 20.033333333333335, 18.36, 17.98, 18.286666666666665, 17.593333333333334, 16.96, 15.533333333333333, 15.673333333333334, 14.786666666666667, 14.886666666666667, 14.186666666666667, 13.8, 14.373333333333333, 14.386666666666667, 13.633333333333333, 13.42, 14.22, 13.406666666666666, 13.253333333333334, 13.306666666666667, 12.846666666666666, 13.493333333333334, 13.16, 13.526666666666667, 13.56, 13.433333333333334, 12.653333333333334, 11.526666666666667, 11.066666666666666, 10.893333333333333, 10.786666666666667]
[51.04666666666667, 47.093333333333334, 43.486666666666665, 39.07333333333333, 35.86, 33.56666666666667, 32.52, 30.933333333333334, 29.30666666666667, 27.92, 26.606666666666666, 26.073333333333334, 25.313333333333333, 24.46, 22.66, 20.653333333333332, 18.253333333333334, 16.92, 15.58, 14.886666666666667, 14.24, 13.533333333333333, 13.166666666666666, 11.753333333333334, 11.993333333333334, 12.146666666666667, 11.8, 12.073333333333334, 11.573333333333334, 11.52, 12.186666666666667, 11.406666666666666, 11.593333333333334, 11.213333333333333, 11.366666666666667, 11.2, 11.16]
[50.62, 46.31333333333333, 43.32666666666667, 40.82, 39.086666666666666, 37.473333333333336, 35.486666666666665, 33.78666666666667, 32.873333333333335, 32.26, 30.753333333333334, 30.0, 27.793333333333333, 26.993333333333332, 25.92, 24.686666666666667, 22.866666666666667, 21.486666666666668, 20.413333333333334, 20.673333333333332, 19.933333333333334, 19.033333333333335, 19.1, 19.133333333333333, 18.593333333333334, 18.426666666666666, 18.226666666666667, 17.32, 16.553333333333335, 17.273333333333333, 15.573333333333334, 15.373333333333333, 15.48, 15.66, 15.68, 15.22, 14.526666666666667, 14.62, 14.626666666666667, 13.686666666666667, 13.2, 13.02, 12.866666666666667, 12.453333333333333, 12.933333333333334, 12.22, 11.533333333333333, 11.226666666666667, 11.48, 11.533333333333333, 12.013333333333334]
[51.58, 46.46666666666667, 42.16, 38.42, 36.1, 33.98, 32.473333333333336, 31.746666666666666, 30.18, 29.14666666666667, 28.69333333333333, 27.593333333333334, 26.813333333333333, 26.213333333333335, 24.82, 23.86, 22.54, 21.30666666666667, 20.106666666666666, 19.2, 17.18, 15.873333333333333, 14.613333333333333, 13.62, 13.833333333333334, 13.266666666666667, 13.0, 13.013333333333334, 12.586666666666666, 12.46, 12.653333333333334]
[51.34, 46.833333333333336, 43.553333333333335, 40.16, 37.14666666666667, 34.24, 31.66, 29.9, 28.82, 28.74, 27.373333333333335, 26.813333333333333, 25.486666666666668, 25.2, 24.3, 23.433333333333334, 22.76, 22.02, 21.206666666666667, 20.62, 19.86, 19.406666666666666, 19.3, 18.813333333333333, 19.02, 18.433333333333334, 17.78, 16.80666666666667, 16.453333333333333, 15.56, 14.58, 14.733333333333333, 15.113333333333333, 15.433333333333334, 15.106666666666667, 15.646666666666667, 15.886666666666667, 15.246666666666666, 15.44, 15.333333333333334, 15.08, 14.886666666666667, 14.24, 13.306666666666667, 12.68]
[50.946666666666665, 46.64, 42.04666666666667, 38.92, 35.79333333333334, 33.473333333333336, 31.653333333333332, 29.346666666666668, 28.073333333333334, 27.013333333333332, 25.84, 23.98, 22.913333333333334, 22.006666666666668, 21.066666666666666, 21.046666666666667, 19.913333333333334, 18.566666666666666, 17.686666666666667, 16.34, 16.0, 15.6, 15.013333333333334, 15.233333333333333, 14.733333333333333, 13.813333333333333, 13.68, 13.353333333333333, 12.473333333333333, 12.74, 13.633333333333333, 13.353333333333333, 13.113333333333333, 12.726666666666667, 11.833333333333334, 11.466666666666667, 10.673333333333334]
[51.35333333333333, 45.99333333333333, 42.373333333333335, 39.45333333333333, 36.653333333333336, 34.50666666666667, 32.04666666666667, 30.546666666666667, 29.76, 29.026666666666667, 27.793333333333333, 26.633333333333333, 26.033333333333335, 25.18, 24.766666666666666, 23.69333333333333, 22.586666666666666, 22.086666666666666, 21.386666666666667, 20.9, 20.35333333333333, 19.84, 19.94, 18.733333333333334, 18.28, 17.753333333333334, 17.56, 17.973333333333333, 18.253333333333334, 17.9, 17.653333333333332, 16.84, 16.733333333333334, 16.173333333333332, 15.92, 16.173333333333332, 16.313333333333333, 15.9, 16.18, 16.026666666666667, 16.0, 16.30666666666667, 15.92, 15.18, 14.986666666666666, 14.96, 14.766666666666667, 14.726666666666667, 14.6, 13.853333333333333, 14.126666666666667, 14.22, 14.36, 13.646666666666667, 13.14, 12.54]
[51.21333333333333, 47.03333333333333, 43.8, 40.75333333333333, 38.42, 36.406666666666666, 34.52, 32.14666666666667, 29.86, 27.913333333333334, 26.746666666666666, 25.64, 24.833333333333332, 24.213333333333335, 23.226666666666667, 22.35333333333333, 21.346666666666668, 19.72, 18.68, 17.546666666666667, 16.866666666666667, 16.113333333333333, 16.066666666666666, 16.24, 15.753333333333334, 15.293333333333333, 14.88, 15.18, 15.02, 14.106666666666667, 13.966666666666667, 14.013333333333334, 13.966666666666667, 13.02, 12.926666666666666, 12.546666666666667, 12.12, 12.12, 12.306666666666667, 12.306666666666667, 12.9, 12.68, 12.606666666666667, 12.473333333333333]
[50.78, 45.27333333333333, 42.18666666666667, 39.36, 36.846666666666664, 34.76, 32.70666666666666, 30.573333333333334, 28.64, 27.64666666666667, 27.5, 26.453333333333333, 25.14666666666667, 24.186666666666667, 22.58, 21.866666666666667, 21.033333333333335, 20.66, 19.226666666666667, 17.913333333333334, 16.933333333333334, 16.066666666666666, 16.333333333333332, 15.26, 14.346666666666666, 14.16, 13.926666666666666, 14.253333333333334, 14.286666666666667, 14.546666666666667, 14.446666666666667, 14.86, 13.873333333333333, 13.553333333333333, 13.046666666666667, 12.286666666666667]
[51.406666666666666, 46.626666666666665, 43.013333333333335, 39.84, 37.72, 35.20666666666666, 33.38666666666666, 31.19333333333333, 29.953333333333333, 28.866666666666667, 28.14, 27.366666666666667, 26.12, 24.933333333333334, 22.18, 20.80666666666667, 19.866666666666667, 18.993333333333332, 18.046666666666667, 16.94, 16.493333333333332, 15.573333333333334, 14.866666666666667, 14.506666666666666, 14.033333333333333, 13.293333333333333, 13.633333333333333, 13.726666666666667, 13.746666666666666, 12.526666666666667, 12.3, 12.16, 12.506666666666666, 13.1, 12.886666666666667]
[50.946666666666665, 45.22, 42.60666666666667, 40.13333333333333, 37.81333333333333, 35.013333333333335, 32.89333333333333, 31.68, 29.986666666666668, 28.593333333333334, 28.26, 27.993333333333332, 27.666666666666668, 26.186666666666667, 25.446666666666665, 24.453333333333333, 24.006666666666668, 23.073333333333334, 21.933333333333334, 21.28, 20.02, 19.346666666666668, 18.653333333333332, 17.426666666666666, 16.426666666666666, 15.92, 15.986666666666666, 15.553333333333333, 15.706666666666667, 15.226666666666667, 13.953333333333333, 13.586666666666666, 13.28, 12.873333333333333, 12.846666666666666, 12.786666666666667, 13.126666666666667, 13.08, 13.606666666666667, 13.313333333333333, 14.0, 13.98, 13.306666666666667, 12.986666666666666, 13.0, 13.093333333333334]
[51.766666666666666, 46.973333333333336, 43.0, 38.733333333333334, 35.806666666666665, 33.10666666666667, 29.813333333333333, 27.433333333333334, 25.686666666666667, 24.746666666666666, 23.88, 22.54, 21.173333333333332, 20.153333333333332, 19.18, 18.69333333333333, 18.16, 17.233333333333334, 16.85333333333333, 16.62, 16.28, 16.526666666666667, 16.28, 14.626666666666667, 13.773333333333333, 12.966666666666667, 11.94, 11.66]
[51.16, 46.17333333333333, 42.77333333333333, 38.70666666666666, 35.913333333333334, 34.21333333333333, 32.56666666666667, 31.2, 29.58, 28.82, 27.68, 27.493333333333332, 26.7, 25.933333333333334, 25.493333333333332, 25.413333333333334, 24.226666666666667, 23.786666666666665, 22.606666666666666, 21.52, 20.626666666666665, 20.2, 19.086666666666666, 19.406666666666666, 18.793333333333333, 19.133333333333333, 18.866666666666667, 17.733333333333334, 16.9, 16.593333333333334, 16.106666666666666, 14.74, 13.806666666666667, 12.753333333333334, 11.726666666666667, 11.986666666666666, 11.9]
[51.02, 46.52, 42.96666666666667, 40.013333333333335, 37.406666666666666, 35.46666666666667, 34.093333333333334, 32.846666666666664, 31.72, 30.80666666666667, 29.973333333333333, 28.386666666666667, 26.94, 25.666666666666668, 24.866666666666667, 24.033333333333335, 22.88, 22.266666666666666, 21.386666666666667, 20.0, 18.88, 18.406666666666666, 18.80666666666667, 18.35333333333333, 17.746666666666666, 17.606666666666666, 17.006666666666668, 16.066666666666666, 15.526666666666667, 14.926666666666666, 14.386666666666667, 14.1, 13.66, 12.96, 12.986666666666666, 13.553333333333333, 13.633333333333333, 14.0, 14.146666666666667, 14.206666666666667, 14.246666666666666, 13.28, 13.073333333333334, 13.04, 11.973333333333333, 11.286666666666667, 10.946666666666667, 11.333333333333334, 11.1, 11.186666666666667, 11.446666666666667, 11.58]
[50.92666666666667, 45.92, 42.513333333333335, 39.98, 36.98, 34.7, 32.266666666666666, 30.85333333333333, 29.6, 28.406666666666666, 27.866666666666667, 26.96, 26.086666666666666, 25.16, 24.14666666666667, 23.626666666666665, 22.86, 22.1, 21.366666666666667, 21.593333333333334, 20.76, 19.526666666666667, 19.326666666666668, 18.873333333333335, 18.586666666666666, 18.633333333333333, 18.373333333333335, 17.113333333333333, 16.24, 15.433333333333334, 14.753333333333334, 14.126666666666667, 12.82, 12.38, 11.713333333333333]
[52.16, 48.14666666666667, 44.68, 41.526666666666664, 39.25333333333333, 36.873333333333335, 34.266666666666666, 31.52, 28.82, 26.653333333333332, 25.233333333333334, 24.286666666666665, 24.093333333333334, 22.92, 22.14666666666667, 22.286666666666665, 21.526666666666667, 19.7, 19.56, 18.793333333333333, 18.773333333333333, 17.846666666666668, 17.9, 18.04, 17.9, 17.5, 16.32, 16.72, 16.206666666666667, 15.733333333333333, 14.873333333333333, 14.46, 13.746666666666666, 14.026666666666667, 14.24, 13.873333333333333, 13.12, 12.953333333333333, 13.546666666666667, 13.826666666666666, 14.033333333333333, 14.0, 13.486666666666666, 13.506666666666666, 13.693333333333333, 14.126666666666667, 13.506666666666666, 13.18, 13.026666666666667, 12.666666666666666, 13.72, 13.066666666666666, 13.266666666666667, 13.533333333333333, 13.346666666666666, 14.073333333333334, 13.266666666666667, 12.466666666666667, 12.106666666666667, 11.526666666666667, 11.493333333333334, 11.38, 11.02, 11.066666666666666]
[51.66, 47.553333333333335, 43.70666666666666, 40.3, 37.89333333333333, 35.64666666666667, 33.733333333333334, 31.246666666666666, 30.273333333333333, 28.4, 26.733333333333334, 25.84, 24.973333333333333, 24.68, 23.94, 23.333333333333332, 21.98, 20.66, 19.84, 19.013333333333332, 17.733333333333334, 17.673333333333332, 16.086666666666666, 15.56, 15.033333333333333, 14.233333333333333, 14.926666666666666, 14.74, 15.886666666666667, 14.093333333333334, 13.906666666666666, 13.866666666666667, 14.16]
[51.54666666666667, 46.846666666666664, 42.406666666666666, 38.27333333333333, 35.14666666666667, 33.29333333333334, 32.086666666666666, 30.52, 29.613333333333333, 28.406666666666666, 27.373333333333335, 26.473333333333333, 25.3, 24.35333333333333, 22.413333333333334, 20.886666666666667, 20.013333333333332, 19.833333333333332, 18.433333333333334, 17.68, 17.566666666666666, 16.72, 15.833333333333334, 15.553333333333333, 15.12, 15.28, 14.873333333333333, 14.346666666666666, 14.346666666666666, 14.346666666666666, 13.32, 13.7, 12.96, 12.86, 12.313333333333333, 12.3, 11.653333333333334, 12.266666666666667, 11.58, 12.133333333333333, 11.833333333333334, 12.3, 11.706666666666667, 11.52, 11.833333333333334, 11.88]
[51.79333333333334, 47.82, 44.406666666666666, 41.27333333333333, 38.61333333333334, 36.92, 35.18, 33.99333333333333, 32.52, 30.993333333333332, 30.033333333333335, 28.513333333333332, 27.34, 26.506666666666668, 25.553333333333335, 25.086666666666666, 23.76, 22.793333333333333, 21.393333333333334, 20.266666666666666, 19.22, 19.033333333333335, 18.68, 18.606666666666666, 18.006666666666668, 17.666666666666668, 16.733333333333334, 15.526666666666667, 15.2, 14.58, 14.213333333333333, 14.42, 14.24, 13.6, 12.706666666666667, 12.986666666666666, 11.966666666666667, 11.006666666666666]
[50.86, 46.913333333333334, 44.04666666666667, 41.64666666666667, 39.526666666666664, 37.61333333333334, 36.446666666666665, 35.586666666666666, 34.7, 33.653333333333336, 32.24, 30.346666666666668, 28.913333333333334, 27.766666666666666, 26.54, 25.44, 24.246666666666666, 23.333333333333332, 23.593333333333334, 23.72, 23.333333333333332, 22.633333333333333, 21.913333333333334, 21.133333333333333, 20.78, 20.186666666666667, 19.586666666666666, 19.046666666666667, 18.506666666666668, 18.24, 18.3, 17.673333333333332, 16.64666666666667, 17.02, 16.36, 16.26, 15.673333333333334, 14.553333333333333, 14.1, 13.84, 13.313333333333333, 13.486666666666666, 13.193333333333333, 13.953333333333333, 13.96, 14.193333333333333, 13.826666666666666, 13.973333333333333, 13.42, 13.333333333333334, 13.193333333333333, 12.733333333333333, 12.54, 11.986666666666666, 11.42, 11.406666666666666, 11.273333333333333, 11.393333333333333, 11.253333333333334, 11.38, 10.893333333333333, 10.6]
[51.52, 47.153333333333336, 43.42666666666667, 40.38, 37.71333333333333, 34.70666666666666, 32.44, 31.35333333333333, 29.69333333333333, 28.206666666666667, 26.866666666666667, 25.30666666666667, 24.926666666666666, 24.16, 23.5, 22.76, 22.5, 22.54, 22.046666666666667, 21.373333333333335, 20.933333333333334, 20.593333333333334, 19.786666666666665, 18.393333333333334, 17.546666666666667, 16.98, 16.14, 16.46, 14.766666666666667, 14.393333333333333, 14.266666666666667, 13.966666666666667, 13.286666666666667, 12.92, 13.28, 13.52, 13.786666666666667, 14.32, 14.38, 13.66, 12.713333333333333, 12.733333333333333, 12.746666666666666, 12.32, 12.713333333333333, 12.206666666666667, 11.153333333333334]
[50.85333333333333, 46.92, 43.586666666666666, 41.34, 39.766666666666666, 37.553333333333335, 35.36666666666667, 32.92, 30.30666666666667, 29.573333333333334, 27.686666666666667, 26.35333333333333, 25.85333333333333, 24.533333333333335, 24.113333333333333, 23.52, 22.85333333333333, 21.7, 20.886666666666667, 20.866666666666667, 19.946666666666665, 19.626666666666665, 19.406666666666666, 19.38, 18.773333333333333, 18.3, 17.293333333333333, 16.573333333333334, 16.18, 16.166666666666668, 15.6, 14.386666666666667, 14.5, 13.78, 13.553333333333333, 13.546666666666667, 13.846666666666666, 13.233333333333333, 13.26, 13.486666666666666, 13.106666666666667, 12.98, 13.38, 14.28]
[51.32666666666667, 46.58, 43.3, 40.16, 37.49333333333333, 35.63333333333333, 33.92666666666667, 32.82, 31.753333333333334, 31.173333333333332, 30.406666666666666, 29.133333333333333, 28.14666666666667, 27.0, 25.36, 23.993333333333332, 23.113333333333333, 22.313333333333333, 21.64, 21.473333333333333, 21.42, 20.626666666666665, 20.293333333333333, 20.033333333333335, 19.313333333333333, 19.086666666666666, 17.9, 17.526666666666667, 16.62, 16.573333333333334, 16.086666666666666, 15.68, 15.573333333333334, 14.813333333333333, 14.14, 14.613333333333333, 13.933333333333334, 13.86, 14.0, 13.866666666666667, 13.633333333333333]
[51.406666666666666, 46.693333333333335, 43.3, 40.04, 37.18666666666667, 34.593333333333334, 33.27333333333333, 32.38, 31.406666666666666, 30.613333333333333, 29.873333333333335, 28.96, 28.593333333333334, 28.346666666666668, 27.613333333333333, 26.826666666666668, 26.14, 26.14666666666667, 25.886666666666667, 25.786666666666665, 24.986666666666668, 25.053333333333335, 24.44, 24.386666666666667, 23.866666666666667, 23.02, 22.506666666666668, 21.833333333333332, 20.96, 19.606666666666666, 18.9, 18.553333333333335, 18.133333333333333, 17.433333333333334, 17.36, 16.84, 17.34, 16.833333333333332, 16.873333333333335, 15.68, 15.973333333333333, 15.733333333333333, 15.626666666666667, 14.673333333333334, 14.586666666666666, 14.453333333333333, 15.046666666666667, 15.253333333333334, 15.286666666666667, 15.16, 14.673333333333334, 14.246666666666666, 13.9, 13.18, 13.093333333333334]
[50.96666666666667, 46.32666666666667, 43.11333333333334, 40.45333333333333, 37.57333333333333, 34.1, 31.286666666666665, 28.873333333333335, 27.326666666666668, 26.573333333333334, 25.706666666666667, 24.46, 23.0, 23.106666666666666, 22.526666666666667, 21.346666666666668, 19.88, 19.66, 18.893333333333334, 19.553333333333335, 18.166666666666668, 18.926666666666666, 18.72, 17.546666666666667, 16.893333333333334, 16.5, 17.36, 17.073333333333334, 16.82, 16.126666666666665, 15.406666666666666, 14.793333333333333, 14.033333333333333, 13.56, 12.613333333333333, 11.646666666666667, 11.286666666666667, 10.64]
[50.38666666666666, 46.16, 42.126666666666665, 39.7, 36.806666666666665, 34.406666666666666, 33.026666666666664, 32.26, 30.246666666666666, 29.013333333333332, 28.053333333333335, 26.326666666666668, 24.58, 23.726666666666667, 22.666666666666668, 21.74, 21.653333333333332, 20.706666666666667, 19.993333333333332, 19.666666666666668, 18.38, 17.94, 16.86, 16.386666666666667, 15.393333333333333, 14.913333333333334, 14.9, 14.22, 13.133333333333333, 13.113333333333333, 12.473333333333333, 12.173333333333334, 12.906666666666666, 12.566666666666666, 12.32, 12.64, 11.833333333333334]
[51.413333333333334, 47.28, 43.053333333333335, 40.50666666666667, 38.126666666666665, 36.18666666666667, 33.986666666666665, 32.306666666666665, 30.78, 29.2, 27.88, 26.746666666666666, 24.406666666666666, 22.12, 20.246666666666666, 19.366666666666667, 18.16, 17.626666666666665, 17.366666666666667, 17.2, 15.506666666666666, 14.846666666666666, 13.673333333333334, 13.873333333333333, 12.16]
[51.35333333333333, 46.68, 44.08, 41.46, 39.513333333333335, 37.2, 34.906666666666666, 33.38, 31.873333333333335, 30.4, 28.966666666666665, 27.173333333333332, 25.566666666666666, 25.226666666666667, 24.106666666666666, 23.80666666666667, 22.133333333333333, 21.626666666666665, 20.326666666666668, 19.08, 18.273333333333333, 17.933333333333334, 17.06, 16.64, 15.88, 15.553333333333333, 15.48, 15.373333333333333, 15.493333333333334, 14.553333333333333, 14.413333333333334, 13.473333333333333, 13.366666666666667, 14.013333333333334, 13.206666666666667, 13.14, 12.72, 12.16, 11.9, 12.02, 12.006666666666666, 11.326666666666666, 12.2, 11.8]
[51.04666666666667, 46.31333333333333, 42.36666666666667, 38.95333333333333, 36.666666666666664, 35.35333333333333, 33.906666666666666, 32.68, 31.373333333333335, 30.033333333333335, 29.386666666666667, 28.506666666666668, 26.466666666666665, 25.566666666666666, 24.506666666666668, 23.346666666666668, 22.953333333333333, 22.48, 22.19333333333333, 21.846666666666668, 21.413333333333334, 20.746666666666666, 19.366666666666667, 19.106666666666666, 18.733333333333334, 18.553333333333335, 17.993333333333332, 17.413333333333334, 17.326666666666668, 16.66, 15.633333333333333, 14.933333333333334, 13.726666666666667, 13.146666666666667, 13.373333333333333, 13.293333333333333, 13.386666666666667, 13.78, 13.206666666666667]
