[37, 35, 30, 28, 26, 26, 24, 21, 20, 20, 18, 17, 14, 14, 14, 11, 11, 12, 11, 9, 8, 8, 8, 4, 2, 4, 4, 2, 2, 2, 2, 0]
[37, 29, 30, 28, 28, 25, 24, 23, 23, 19, 17, 17, 17, 14, 14, 14, 12, 12, 12, 10, 8, 8, 10, 8, 8, 8, 8, 6, 6, 6, 6, 7, 6, 6, 6, 6, 4, 4, 4, 4, 4, 4, 4, 4, 4, 4, 4, 4, 4, 0]
[39, 38, 37, 31, 27, 31, 24, 19, 20, 20, 16, 13, 9, 9, 9, 9, 8, 8, 8, 6, 6, 6, 6, 6, 4, 4, 4, 4, 4, 4, 4, 4, 4, 4, 4, 4, 4, 4, 4, 2, 2, 2, 2, 2, 2, 2, 2, 2, 0]
[35, 29, 28, 30, 20, 25, 24, 19, 19, 19, 18, 17, 12, 12, 10, 12, 11, 10, 10, 6, 5, 5, 5, 6, 6, 6, 4, 4, 4, 4, 4, 4, 4, 4, 4, 4, 4, 4, 4, 4, 4, 4, 4, 4, 4, 4, 4, 4, 4, 4, 3, 3, 3, 3, 3, 4, 4, 4, 3, 3, 3, 3, 2, 2, 2, 2, 2, 2, 2, 2, 2, 2, 2, 2, 2, 0]
[37, 33, 30, 28, 22, 22, 21, 20, 20, 18, 17, 17, 15, 16, 14, 13, 13, 12, 8, 8, 6, 6, 6, 6, 6, 6, 4, 4, 6, 6, 4, 4, 6, 6, 4, 2, 4, 2, 4, 4, 2, 4, 2, 2, 2, 2, 2, 2, 2, 0]
[36, 32, 29, 28, 27, 20, 20, 15, 15, 14, 12, 6, 6, 6, 6, 6, 6, 8, 8, 6, 6, 6, 4, 4, 4, 4, 0]
[37, 33, 29, 28, 21, 22, 23, 20, 21, 19, 10, 8, 9, 11, 13, 9, 9, 8, 8, 6, 6, 6, 6, 6, 6, 6, 4, 4, 4, 4, 6, 4, 4, 4, 2, 4, 4, 4, 2, 4, 2, 2, 2, 2, 2, 4, 2, 2, 2, 2, 0]
[37, 32, 31, 28, 28, 29, 24, 23, 18, 18, 18, 16, 14, 14, 13, 13, 12, 10, 12, 8, 9, 8, 6, 4, 2, 4, 2, 4, 4, 4, 4, 4, 2, 2, 2, 2, 2, 2, 0]
[37, 36, 28, 27, 26, 24, 24, 24, 24, 22, 18, 16, 15, 14, 13, 13, 11, 11, 11, 6, 6, 4, 4, 4, 4, 4, 2, 2, 2, 2, 2, 2, 2, 0]
[37, 33, 27, 27, 20, 21, 22, 19, 17, 17, 15, 13, 13, 11, 12, 11, 10, 7, 8, 8, 6, 6, 5, 5, 5, 4, 4, 4, 4, 4, 2, 2, 2, 2, 2, 0]
[34, 33, 29, 29, 26, 25, 24, 24, 22, 19, 18, 14, 14, 12, 10, 10, 10, 10, 10, 11, 10, 10, 8, 9, 9, 6, 8, 7, 6, 6, 8, 6, 6, 6, 6, 6, 6, 6, 4, 4, 4, 4, 4, 4, 4, 4, 4, 2, 2, 2, 2, 2, 0]
[36, 32, 25, 25, 23, 23, 22, 18, 16, 16, 13, 12, 12, 11, 11, 7, 7, 4, 4, 4, 4, 4, 4, 4, 4, 4, 4, 4, 4, 2, 4, 4, 2, 2, 2, 2, 0]
[41, 39, 33, 31, 31, 29, 25, 24, 22, 16, 17, 16, 12, 12, 12, 12, 10, 10, 10, 11, 12, 9, 8, 6, 6, 8, 8, 6, 4, 4, 6, 6, 6, 6, 4, 6, 6, 6, 4, 6, 6, 6, 6, 4, 4, 2, 2, 2, 2, 2, 0]
[39, 32, 32, 30, 27, 27, 25, 20, 14, 14, 16, 14, 12, 10, 10, 12, 6, 6, 8, 6, 6, 5, 6, 4, 4, 4, 4, 2, 2, 4, 2, 0]
[37, 30, 32, 27, 30, 25, 24, 23, 22, 20, 18, 20, 18, 14, 18, 18, 15, 13, 13, 12, 10, 10, 10, 8, 11, 6, 6, 6, 8, 8, 8, 8, 8, 8, 6, 8, 6, 6, 6, 6, 6, 5, 6, 4, 4, 4, 4, 4, 4, 4, 4, 4, 4, 2, 2, 4, 2, 2, 2, 2, 2, 0]
[35, 33, 28, 28, 30, 24, 16, 15, 15, 13, 17, 15, 11, 11, 11, 11, 7, 10, 7, 7, 7, 7, 6, 6, 8, 6, 4, 4, 4, 4, 4, 4, 2, 2, 4, 6, 4, 4, 4, 2, 4, 4, 2, 2, 4, 4, 2, 2, 2, 4, 4, 2, 4, 4, 4, 4, 6, 2, 2, 4, 3, 2, 2, 2, 4, 2, 2, 2, 0]
[37, 31, 30, 27, 26, 24, 22, 22, 19, 18, 17, 16, 16, 14, 14, 14, 14, 10, 8, 8, 12, 9, 4, 4, 4, 6, 6, 6, 4, 4, 2, 6, 4, 6, 4, 4, 4, 4, 4, 4, 2, 2, 2, 2, 0]
[35, 32, 29, 28, 27, 25, 23, 20, 20, 18, 21, 14, 14, 17, 16, 13, 16, 15, 14, 14, 12, 10, 10, 10, 11, 8, 9, 6, 8, 9, 8, 6, 6, 6, 6, 6, 6, 8, 6, 6, 6, 8, 6, 4, 4, 4, 4, 3, 4, 4, 4, 4, 4, 2, 2, 2, 2, 0]
[36, 34, 30, 28, 26, 23, 21, 20, 17, 17, 14, 10, 12, 11, 10, 8, 6, 4, 4, 4, 6, 2, 2, 2, 4, 0]
[37, 35, 32, 29, 27, 25, 24, 20, 19, 20, 18, 18, 14, 12, 12, 11, 4, 9, 8, 8, 4, 8, 6, 4, 4, 2, 2, 4, 4, 2, 0]
[39, 32, 28, 26, 24, 26, 21, 20, 18, 14, 14, 14, 12, 14, 10, 8, 8, 8, 6, 8, 6, 6, 8, 6, 6, 6, 2, 2, 2, 2, 2, 2, 2, 2, 2, 2, 0]
[38, 30, 28, 27, 25, 23, 19, 20, 15, 16, 16, 16, 15, 16, 15, 15, 12, 10, 10, 10, 10, 10, 10, 10, 10, 10, 8, 8, 6, 4, 4, 4, 6, 4, 4, 2, 2, 4, 4, 2, 2, 2, 2, 0]
[37, 33, 33, 30, 31, 25, 23, 24, 24, 24, 22, 21, 18, 18, 16, 16, 16, 13, 13, 13, 14, 12, 12, 12, 12, 10, 10, 10, 9, 9, 9, 10, 10, 8, 8, 8, 8, 5, 5, 5, 4, 0]
[35, 27, 25, 25, 25, 20, 19, 16, 13, 11, 15, 13, 15, 15, 14, 12, 10, 10, 10, 8, 8, 8, 6, 4, 2, 4, 4, 4, 2, 2, 2, 2, 2, 2, 2, 2, 2, 4, 2, 2, 2, 2, 4, 2, 2, 2, 2, 2, 0]
[38, 34, 34, 33, 30, 27, 27, 21, 21, 19, 16, 17, 17, 14, 13, 13, 12, 11, 11, 9, 11, 11, 8, 6, 7, 8, 6, 8, 6, 6, 6, 6, 4, 2, 4, 2, 2, 2, 4, 6, 6, 4, 4, 2, 2, 2, 2, 4, 4, 4, 2, 2, 2, 2, 4, 2, 2, 2, 2, 2, 4, 4, 2, 2, 2, 0]
[34, 31, 30, 26, 26, 22, 22, 21, 21, 20, 19, 18, 17, 16, 14, 13, 12, 12, 11, 13, 10, 10, 10, 9, 4, 4, 4, 6, 6, 6, 2, 2, 2, 0]
[37, 33, 33, 31, 31, 29, 19, 18, 18, 18, 16, 15, 12, 10, 10, 11, 7, 10, 10, 10, 9, 8, 8, 8, 6, 4, 4, 4, 4, 2, 2, 2, 2, 2, 2, 2, 2, 2, 0]
[32, 30, 29, 27, 27, 23, 22, 18, 15, 15, 15, 13, 15, 11, 11, 11, 11, 11, 11, 9, 10, 11, 10, 10, 9, 9, 8, 6, 6, 6, 6, 4, 4, 4, 4, 4, 4, 4, 2, 2, 2, 2, 2, 2, 2, 2, 2, 2, 2, 2, 2, 2, 2, 2, 0]
[33, 33, 33, 29, 28, 25, 18, 17, 17, 15, 13, 12, 12, 12, 9, 8, 8, 4, 4, 8, 6, 6, 4, 4, 4, 4, 4, 2, 2, 2, 2, 2, 2, 2, 2, 2, 2, 2, 2, 0]
[36, 33, 31, 29, 28, 26, 24, 22, 18, 19, 15, 17, 17, 15, 15, 10, 14, 12, 11, 9, 10, 8, 7, 7, 7, 9, 8, 8, 7, 7, 7, 7, 7, 5, 5, 5, 5, 5, 4, 5, 5, 4, 4, 4, 4, 4, 4, 2, 2, 2, 2, 2, 2, 2, 3, 2, 3, 2, 2, 2, 2, 2, 2, 2, 2, 2, 2, 2, 2, 4, 2, 2, 2, 2, 2, 2, 2, 2, 2, 2, 2, 0]
[37, 34, 32, 29, 25, 23, 22, 18, 17, 16, 17, 17, 14, 14, 14, 12, 10, 14, 12, 11, 11, 8, 11, 11, 9, 9, 9, 8, 8, 8, 8, 8, 8, 8, 8, 8, 8, 8, 8, 8, 6, 6, 6, 6, 6, 6, 6, 6, 6, 4, 4, 4, 4, 4, 4, 2, 2, 2, 2, 2, 2, 0]
[28, 28, 28, 27, 27, 24, 21, 22, 18, 19, 16, 14, 15, 13, 8, 8, 9, 8, 7, 6, 4, 2, 4, 4, 2, 4, 4, 2, 2, 2, 2, 2, 2, 0]
[39, 35, 30, 29, 27, 29, 24, 20, 18, 17, 16, 16, 14, 12, 10, 10, 11, 10, 10, 8, 8, 8, 8, 6, 6, 4, 4, 4, 4, 4, 2, 4, 4, 4, 4, 2, 4, 0]
[32, 29, 27, 29, 26, 24, 22, 19, 19, 19, 16, 16, 14, 15, 15, 12, 12, 11, 11, 10, 10, 6, 6, 6, 6, 6, 4, 4, 4, 4, 4, 2, 2, 2, 2, 2, 2, 2, 2, 2, 2, 2, 2, 0]
[38, 32, 27, 27, 25, 25, 23, 17, 17, 15, 16, 14, 11, 8, 8, 8, 8, 6, 8, 8, 6, 6, 4, 2, 4, 4, 4, 2, 4, 4, 4, 2, 0]
[36, 32, 29, 25, 24, 23, 23, 16, 15, 15, 15, 12, 10, 8, 6, 8, 7, 6, 6, 6, 4, 4, 4, 2, 2, 2, 2, 2, 2, 2, 2, 2, 2, 0]
[40, 35, 31, 30, 22, 26, 24, 19, 19, 16, 17, 17, 15, 13, 13, 13, 12, 11, 9, 9, 9, 9, 8, 9, 7, 6, 5, 5, 5, 5, 2, 2, 2, 0]
[36, 30, 30, 28, 28, 25, 25, 22, 20, 20, 21, 20, 19, 16, 16, 12, 11, 9, 10, 7, 9, 9, 9, 7, 9, 7, 6, 5, 5, 5, 7, 7, 7, 6, 2, 4, 4, 2, 2, 2, 0]
[33, 32, 30, 26, 25, 23, 21, 19, 19, 16, 15, 12, 15, 12, 12, 10, 10, 8, 8, 6, 8, 8, 4, 4, 4, 6, 6, 6, 4, 4, 4, 4, 4, 4, 2, 2, 2, 2, 4, 4, 4, 4, 2, 4, 2, 4, 0]
[38, 32, 30, 23, 19, 18, 19, 19, 17, 16, 14, 14, 14, 12, 14, 14, 11, 11, 11, 8, 8, 9, 9, 9, 9, 6, 6, 6, 6, 6, 6, 8, 8, 7, 7, 6, 6, 4, 4, 4, 4, 4, 4, 2, 2, 4, 2, 2, 2, 2, 2, 4, 0]
[28, 25, 29, 26, 22, 19, 17, 17, 14, 14, 12, 13, 12, 8, 8, 10, 8, 8, 8, 8, 8, 6, 4, 6, 4, 6, 6, 6, 6, 5, 6, 6, 4, 4, 2, 2, 2, 2, 2, 2, 2, 2, 2, 2, 2, 2, 0]
[35, 32, 28, 28, 22, 22, 21, 22, 22, 21, 19, 15, 15, 12, 8, 8, 8, 8, 8, 8, 8, 6, 6, 6, 6, 4, 4, 4, 0]
[34, 33, 33, 30, 24, 24, 24, 22, 19, 19, 18, 15, 15, 15, 8, 8, 8, 10, 6, 4, 2, 2, 2, 2, 2, 2, 2, 2, 2, 0]
[37, 33, 32, 25, 24, 24, 19, 19, 19, 18, 18, 15, 12, 12, 12, 12, 11, 11, 11, 9, 10, 8, 8, 6, 8, 6, 6, 6, 6, 6, 2, 2, 4, 4, 4, 2, 2, 4, 6, 6, 3, 2, 2, 2, 2, 2, 2, 2, 0]
[40, 30, 29, 27, 25, 23, 22, 19, 16, 14, 13, 12, 12, 10, 12, 12, 11, 11, 11, 10, 8, 8, 11, 10, 10, 9, 8, 8, 8, 8, 6, 8, 8, 6, 4, 4, 6, 4, 4, 5, 4, 4, 4, 6, 4, 4, 4, 2, 0]
[35, 32, 31, 28, 27, 26, 16, 12, 12, 12, 12, 12, 12, 8, 8, 6, 6, 4, 6, 6, 6, 4, 4, 4, 4, 6, 4, 2, 4, 2, 2, 2, 2, 2, 2, 0]
[38, 32, 32, 27, 27, 27, 22, 21, 18, 17, 17, 17, 13, 13, 12, 11, 12, 12, 8, 6, 8, 8, 6, 6, 6, 5, 2, 4, 2, 2, 0]
[37, 36, 28, 29, 27, 26, 22, 24, 23, 23, 18, 19, 20, 20, 17, 15, 13, 14, 16, 14, 12, 12, 10, 10, 10, 10, 12, 6, 6, 6, 6, 6, 6, 6, 4, 6, 4, 4, 4, 4, 4, 4, 4, 4, 2, 4, 2, 2, 2, 2, 2, 2, 0]
[37, 35, 34, 31, 27, 25, 23, 21, 20, 16, 12, 12, 13, 13, 8, 8, 8, 8, 8, 6, 6, 6, 6, 4, 4, 2, 2, 2, 2, 2, 2, 2, 2, 0]
[35, 30, 30, 28, 28, 25, 25, 22, 21, 18, 18, 17, 16, 13, 17, 13, 13, 9, 11, 11, 8, 8, 8, 6, 7, 7, 6, 6, 6, 6, 6, 6, 6, 6, 6, 4, 4, 4, 4, 4, 2, 4, 4, 4, 2, 2, 2, 0]
[37, 32, 26, 27, 23, 18, 22, 20, 15, 15, 16, 9, 10, 10, 12, 12, 12, 8, 7, 9, 8, 2, 6, 6, 7, 6, 6, 6, 4, 5, 2, 2, 2, 2, 2, 2, 0]
[36, 34, 29, 27, 24, 24, 22, 19, 19, 16, 16, 17, 15, 12, 14, 14, 14, 12, 10, 6, 6, 8, 8, 6, 6, 10, 10, 6, 6, 8, 8, 8, 6, 6, 6, 6, 8, 6, 6, 6, 4, 5, 5, 6, 6, 6, 4, 4, 6, 6, 6, 6, 6, 2, 4, 4, 4, 0]
[35, 30, 29, 26, 26, 26, 22, 22, 21, 20, 19, 17, 15, 13, 14, 15, 15, 15, 10, 10, 8, 9, 8, 10, 6, 6, 4, 4, 6, 2, 4, 4, 4, 4, 4, 2, 2, 2, 0]
[38, 33, 30, 28, 19, 19, 18, 18, 18, 17, 17, 14, 14, 11, 11, 10, 6, 6, 4, 4, 4, 4, 4, 2, 2, 2, 2, 4, 2, 2, 2, 2, 2, 0]
[35, 31, 24, 24, 24, 21, 21, 20, 19, 17, 15, 15, 14, 9, 10, 8, 10, 11, 8, 9, 8, 6, 8, 6, 6, 6, 0]
[36, 32, 26, 25, 25, 21, 21, 22, 19, 16, 16, 14, 14, 14, 14, 9, 10, 10, 8, 8, 10, 9, 6, 8, 8, 6, 6, 6, 6, 6, 6, 6, 4, 4, 4, 4, 4, 4, 4, 4, 4, 2, 2, 2, 4, 2, 4, 4, 4, 4, 2, 2, 0]
[36, 32, 32, 29, 27, 22, 23, 21, 18, 16, 16, 11, 12, 13, 12, 10, 6, 10, 6, 8, 8, 6, 6, 6, 6, 6, 6, 7, 8, 6, 6, 0]
[37, 36, 35, 29, 29, 26, 25, 21, 21, 18, 19, 17, 17, 17, 14, 13, 11, 11, 10, 10, 10, 9, 8, 6, 6, 6, 6, 6, 4, 4, 4, 2, 0]
[35, 31, 29, 27, 25, 23, 23, 21, 20, 15, 16, 16, 15, 14, 14, 10, 11, 9, 9, 9, 9, 9, 9, 6, 6, 6, 6, 6, 6, 6, 6, 4, 4, 4, 4, 4, 2, 0]
[34, 32, 29, 26, 23, 22, 19, 17, 18, 19, 17, 15, 14, 14, 10, 10, 10, 12, 6, 8, 2, 2, 2, 2, 2, 2, 0]
[38, 36, 31, 27, 27, 23, 23, 16, 16, 16, 16, 15, 11, 13, 11, 11, 8, 10, 11, 10, 8, 8, 8, 8, 6, 6, 6, 4, 6, 4, 4, 4, 4, 4, 4, 2, 2, 4, 4, 4, 4, 2, 4, 4, 4, 4, 4, 4, 4, 4, 4, 4, 4, 4, 4, 4, 4, 4, 4, 4, 4, 0]
[35, 34, 33, 31, 19, 19, 19, 18, 18, 18, 16, 13, 10, 10, 10, 8, 6, 8, 6, 4, 4, 4, 4, 4, 4, 4, 2, 4, 4, 2, 2, 4, 0]
[37, 33, 27, 25, 25, 24, 21, 18, 15, 15, 10, 8, 6, 6, 6, 8, 6, 4, 4, 0]
[39, 36, 33, 31, 26, 27, 25, 25, 23, 23, 19, 19, 21, 19, 19, 19, 16, 15, 16, 13, 11, 12, 12, 12, 11, 11, 8, 8, 9, 8, 8, 7, 6, 6, 8, 8, 6, 6, 6, 4, 4, 4, 4, 4, 0]
[36, 36, 30, 30, 25, 26, 26, 23, 18, 18, 19, 18, 17, 17, 17, 15, 14, 10, 12, 12, 12, 12, 10, 8, 6, 8, 8, 6, 6, 6, 4, 4, 4, 4, 4, 4, 4, 4, 4, 4, 4, 4, 4, 4, 2, 2, 2, 2, 2, 2, 2, 2, 2, 2, 2, 2, 2, 2, 2, 2, 2, 2, 2, 2, 2, 2, 0]
[39, 35, 33, 31, 25, 26, 22, 19, 17, 15, 16, 15, 15, 14, 14, 13, 13, 10, 9, 7, 7, 8, 9, 8, 6, 8, 7, 8, 8, 4, 4, 6, 4, 4, 4, 4, 0]
[35, 32, 28, 30, 28, 26, 25, 22, 23, 17, 17, 17, 17, 17, 14, 12, 10, 12, 10, 10, 10, 8, 6, 6, 6, 6, 6, 6, 6, 6, 4, 4, 4, 4, 4, 6, 4, 4, 4, 5, 6, 4, 4, 2, 4, 0]
[36, 33, 31, 25, 25, 25, 23, 22, 18, 18, 16, 16, 17, 17, 13, 10, 10, 10, 10, 6, 8, 8, 8, 4, 7, 7, 4, 4, 2, 4, 2, 6, 4, 0]
[36, 36, 26, 26, 25, 22, 21, 16, 16, 16, 16, 16, 15, 13, 13, 13, 12, 10, 9, 8, 5, 7, 7, 8, 8, 8, 6, 7, 6, 4, 4, 4, 2, 2, 4, 2, 2, 4, 4, 0]
[35, 32, 29, 30, 27, 25, 24, 21, 22, 20, 16, 17, 17, 17, 14, 14, 12, 10, 12, 8, 6, 6, 8, 6, 6, 4, 4, 4, 6, 6, 2, 2, 2, 2, 2, 2, 0]
[37, 36, 36, 34, 28, 28, 28, 20, 20, 20, 20, 20, 16, 12, 13, 13, 9, 9, 10, 10, 8, 6, 6, 7, 6, 6, 5, 2, 4, 2, 0]
[37, 36, 32, 30, 25, 25, 21, 21, 22, 13, 13, 12, 11, 11, 9, 7, 8, 7, 9, 6, 6, 6, 6, 6, 8, 6, 4, 4, 4, 4, 4, 4, 2, 4, 4, 4, 4, 2, 0]
[35, 36, 31, 25, 22, 20, 22, 21, 17, 16, 16, 15, 8, 8, 8, 8, 6, 8, 8, 8, 4, 4, 4, 6, 4, 4, 6, 4, 2, 2, 2, 2, 2, 2, 0]
[37, 32, 30, 30, 27, 25, 23, 18, 17, 13, 13, 13, 13, 13, 8, 4, 6, 7, 6, 6, 4, 4, 4, 4, 4, 4, 4, 4, 4, 4, 4, 4, 2, 2, 2, 4, 4, 2, 2, 2, 2, 0]
[37, 36, 26, 28, 28, 24, 16, 16, 16, 14, 14, 14, 12, 8, 8, 10, 10, 8, 6, 6, 6, 6, 4, 4, 4, 4, 4, 2, 2, 2, 4, 2, 2, 2, 2, 2, 2, 0]
[38, 34, 30, 26, 26, 25, 23, 22, 21, 19, 17, 17, 14, 15, 14, 12, 8, 8, 8, 8, 10, 9, 10, 6, 8, 6, 6, 6, 0]
[38, 36, 32, 25, 23, 21, 19, 20, 18, 18, 15, 14, 13, 12, 12, 12, 10, 8, 8, 8, 6, 8, 6, 8, 6, 6, 4, 2, 4, 2, 4, 2, 0]
[39, 37, 31, 27, 27, 21, 21, 19, 20, 15, 17, 13, 13, 12, 10, 10, 10, 10, 8, 8, 8, 8, 6, 8, 8, 6, 6, 6, 8, 8, 6, 6, 6, 8, 4, 4, 4, 4, 4, 2, 2, 4, 2, 4, 2, 2, 2, 0]
[35, 32, 28, 29, 27, 25, 23, 21, 23, 21, 21, 21, 18, 18, 17, 14, 14, 14, 14, 12, 13, 10, 10, 8, 8, 8, 7, 4, 4, 6, 6, 7, 5, 5, 4, 4, 4, 4, 4, 4, 2, 2, 2, 2, 2, 2, 2, 4, 4, 2, 4, 2, 0]
[37, 32, 27, 27, 23, 19, 21, 23, 20, 18, 17, 18, 17, 18, 14, 14, 10, 10, 8, 9, 8, 8, 6, 4, 4, 6, 5, 5, 4, 4, 2, 2, 2, 4, 4, 2, 2, 2, 4, 2, 0]
[36, 34, 31, 27, 25, 20, 18, 19, 20, 16, 16, 15, 8, 12, 11, 6, 8, 8, 6, 6, 6, 6, 4, 6, 4, 4, 4, 2, 2, 2, 4, 4, 2, 0]
[31, 29, 24, 20, 20, 20, 18, 18, 18, 15, 16, 17, 17, 15, 13, 12, 12, 10, 10, 10, 10, 10, 10, 10, 8, 4, 4, 2, 4, 4, 4, 4, 4, 4, 4, 4, 2, 2, 2, 2, 2, 0]
[38, 33, 23, 19, 19, 18, 19, 18, 13, 17, 13, 13, 13, 11, 10, 10, 6, 8, 8, 6, 6, 6, 4, 4, 4, 4, 6, 6, 6, 4, 4, 4, 6, 2, 4, 4, 4, 4, 2, 4, 2, 4, 4, 2, 2, 2, 0]
[31, 27, 28, 23, 25, 23, 20, 16, 15, 13, 14, 8, 8, 8, 8, 6, 4, 4, 2, 2, 2, 2, 2, 2, 2, 2, 2, 2, 2, 0]
[33, 33, 31, 30, 26, 24, 24, 25, 24, 19, 21, 21, 16, 14, 12, 14, 16, 14, 12, 10, 8, 8, 10, 10, 6, 6, 4, 6, 6, 4, 5, 4, 4, 4, 4, 4, 4, 4, 2, 2, 2, 2, 2, 2, 0]
[36, 34, 32, 30, 29, 23, 23, 21, 14, 16, 18, 16, 16, 13, 14, 14, 12, 12, 10, 8, 6, 10, 8, 4, 2, 2, 2, 2, 4, 4, 4, 4, 2, 4, 0]
[40, 33, 24, 23, 20, 20, 18, 18, 18, 18, 16, 16, 16, 14, 13, 13, 12, 12, 12, 10, 12, 14, 12, 9, 10, 8, 8, 6, 8, 8, 6, 6, 2, 2, 2, 4, 2, 2, 0]
[38, 32, 30, 26, 25, 21, 20, 16, 14, 14, 14, 11, 11, 11, 10, 8, 8, 8, 6, 6, 6, 6, 6, 6, 4, 2, 2, 2, 2, 0]
[35, 32, 28, 27, 25, 26, 21, 18, 16, 16, 13, 13, 12, 12, 11, 10, 10, 9, 10, 6, 6, 4, 4, 2, 4, 4, 4, 4, 4, 2, 2, 6, 2, 2, 2, 2, 2, 4, 2, 2, 2, 2, 2, 0]
[36, 31, 26, 24, 23, 22, 23, 18, 17, 18, 19, 17, 17, 17, 15, 15, 16, 12, 12, 8, 11, 8, 8, 9, 6, 2, 6, 5, 5, 6, 5, 5, 6, 4, 5, 5, 6, 2, 2, 4, 4, 4, 2, 2, 4, 2, 2, 2, 4, 4, 2, 4, 4, 4, 2, 2, 2, 2, 2, 0]
[38, 30, 30, 26, 25, 25, 23, 18, 19, 19, 14, 10, 12, 13, 11, 6, 7, 10, 5, 4, 4, 5, 6, 5, 4, 4, 0]
[35, 33, 31, 27, 24, 19, 13, 13, 16, 15, 15, 13, 11, 11, 10, 8, 8, 8, 10, 9, 8, 9, 9, 6, 8, 2, 6, 6, 6, 6, 4, 6, 4, 4, 2, 2, 2, 2, 2, 2, 0]
[35, 33, 33, 30, 29, 24, 23, 22, 22, 15, 13, 11, 11, 8, 8, 10, 8, 8, 8, 9, 10, 10, 8, 8, 6, 6, 6, 4, 4, 4, 4, 4, 4, 4, 4, 4, 4, 4, 4, 4, 4, 2, 4, 4, 4, 4, 4, 2, 4, 4, 2, 2, 0]
[37, 39, 34, 28, 26, 26, 24, 22, 22, 17, 21, 17, 17, 17, 15, 15, 13, 15, 14, 14, 13, 14, 13, 11, 11, 10, 4, 4, 4, 4, 0]
[36, 33, 28, 23, 22, 16, 17, 18, 14, 14, 15, 15, 11, 10, 10, 10, 10, 4, 4, 4, 6, 4, 6, 6, 4, 4, 2, 4, 4, 2, 2, 4, 4, 4, 2, 4, 4, 4, 2, 2, 2, 2, 0]
[38, 36, 33, 32, 28, 29, 27, 23, 20, 19, 18, 18, 17, 17, 15, 15, 13, 12, 10, 10, 10, 10, 8, 6, 6, 6, 4, 4, 4, 6, 2, 0]
[33, 33, 29, 27, 26, 24, 16, 14, 16, 16, 16, 16, 14, 14, 14, 11, 12, 11, 11, 9, 10, 10, 10, 9, 9, 9, 9, 8, 8, 6, 7, 5, 7, 4, 4, 6, 4, 4, 4, 4, 4, 4, 6, 4, 4, 2, 2, 2, 0]
[35, 32, 29, 27, 25, 22, 19, 11, 11, 11, 10, 11, 8, 8, 4, 4, 4, 6, 6, 6, 4, 4, 6, 6, 4, 4, 4, 4, 4, 3, 2, 2, 4, 2, 2, 0]
[37, 28, 29, 29, 29, 28, 26, 22, 24, 22, 22, 19, 19, 17, 12, 16, 13, 14, 13, 10, 10, 11, 11, 8, 8, 9, 6, 8, 9, 9, 8, 8, 6, 6, 4, 6, 6, 4, 4, 4, 4, 2, 2, 2, 0]
[32, 32, 23, 23, 17, 15, 15, 16, 16, 15, 14, 16, 12, 14, 14, 11, 12, 14, 12, 10, 10, 7, 10, 10, 6, 7, 8, 8, 6, 6, 6, 6, 8, 6, 6, 6, 6, 6, 6, 5, 2, 2, 2, 2, 2, 2, 2, 2, 2, 2, 2, 2, 0]
