1012.1838443279266
1007.2273979187012
1008.2807531356812
1009.3526043891907
1010.9180452823639
1009.0599689483643
1005.8725397586823
1008.5077433586121
1006.9298632144928
1006.84499335289
1020.2180752754211
1014.2469112873077
1015.7769329547882
1016.123523235321
1015.6419923305511
1022.1772599220276
1013.824734210968
1016.9975485801697
1013.661693572998
1031.865403175354
1020.289363861084
1017.9395263195038
1016.2176148891449
1016.3401112556458
1015.6857349872589
1016.2571976184845
1014.7397880554199
1015.8384099006653
1016.8371856212616
1015.0573036670685
1016.9777724742889
1016.2468855381012
1016.6028292179108
1015.6531229019165
1017.3605988025665
1019.1287357807159
1016.7174620628357
1016.7789037227631
1015.6068909168243
1017.2324347496033
1015.4075195789337
1018.1899211406708
1007.1464369297028
1006.1853771209717
1007.8989181518555
1006.9055516719818
1009.9257464408875
1006.3218810558319
1004.7343473434448
1006.333251953125
1009.027149438858
1011.3095002174377
1007.569846868515
1007.910971403122
1004.594856262207
1015.3349707126617
1011.9373786449432
1007.7220213413239
1005.5889945030212
1007.8880350589752
1006.455512046814
1006.1286475658417
1006.5439369678497
1008.0840673446655
1009.8851418495178
1004.3476800918579
1006.4355881214142
1006.0189428329468
1008.5298321247101
1004.6622915267944
1012.114697933197
1002.6613714694977
1001.9135839939117
1005.0172584056854
1012.2276339530945
1014.332103729248
1012.0585896968842
1005.6466867923737
1015.4527578353882
1011.79896235466
1009.0770168304443
1017.6607148647308
1006.5067956447601
1012.7456376552582
1013.2236332893372
1005.4670524597168
1014.1367981433868
1013.9960834980011
1002.9503872394562
1012.3530428409576
1005.063848733902
1003.8729953765869
1018.5259597301483
1004.5372819900513
1017.6334156990051
1006.7576730251312
1017.485447883606
1006.0910959243774
1018.4796659946442
1006.971631526947
