1025.515707731247
1029.3751945495605
1029.9793610572815
1024.8353872299194
1004.9529643058777
1008.1196613311768
986.0045344829559
991.4864685535431
991.1936159133911
998.2730827331543
1004.2474887371063
993.6714935302734
1002.8763506412506
999.1152067184448
1009.020749092102
1012.1798956394196
996.1072905063629
1002.2244012355804
999.4675998687744
1003.8491277694702
1010.3966658115387
999.6331613063812
1002.1577429771423
999.0593776702881
1005.5738191604614
1003.6819920539856
1009.6308269500732
998.866378068924
1002.5045244693756
991.2586829662323
996.843024969101
994.3132305145264
1006.1766867637634
996.2359130382538
994.7792820930481
988.51207280159
1002.6095087528229
996.4658150672913
999.3584525585175
1008.1435668468475
995.7658722400665
1000.2710223197937
994.4311420917511
1001.4170508384705
1004.6809952259064
998.5992968082428
1002.8997657299042
1004.5784738063812
997.2804651260376
1001.0487315654755
1004.3068282604218
994.4883623123169
995.699422121048
1011.5607771873474
1002.2149319648743
1005.1705448627472
1002.7058005332947
1003.8530554771423
1001.6623537540436
1009.9861943721771
1017.6634967327118
1006.2179343700409
1012.1389498710632
1003.5549569129944
1011.5069243907928
1004.8083066940308
1016.7151987552643
1006.514518737793
1015.545914888382
1006.0783832073212
1012.8904764652252
1017.0424520969391
1019.6767451763153
1006.2795302867889
1015.0957617759705
1012.1680681705475
1021.4280476570129
1013.2144482135773
1023.5471019744873
1014.0917882919312
1019.4877083301544
1013.2630228996277
1021.0739676952362
1003.118058681488
1013.6425404548645
1003.1010410785675
1017.8441729545593
1015.3831722736359
1041.5369687080383
1009.9843327999115
1025.2670867443085
1009.1999139785767
1014.5375564098358
1009.0646035671234
1017.1927573680878
1011.5908393859863
1018.8845574855804
1008.243412733078
1017.1726505756378
1020.3081569671631
