1036.1191582679749
1055.4692690372467
999.611983537674
1015.830572605133
1016.3330640792847
1030.3624472618103
1011.2803766727448
1012.1906752586365
1015.3241488933563
1000.9436206817627
1000.6579730510712
1000.4155032634735
1000.5883703231812
997.2342534065247
1001.1348087787628
998.4678246974945
997.4377460479736
1012.2263729572296
1001.6341598033905
1001.7307484149933
1001.7819259166718
1001.7925353050232
1001.4639050960541
1006.2873363494873
999.649242401123
993.7986676692963
995.7913837432861
1054.1857392787933
1120.9974336624146
982.0030028820038
983.5041160583496
989.7359399795532
989.5530667304993
990.1176104545593
988.9571180343628
1066.44837641716
1074.253412246704
1037.0397300720215
1048.5754356384277
1080.085125207901
1027.7281379699707
1034.3387377262115
1039.1174824237823
997.750581741333
996.5456705093384
999.3640577793121
996.6501200199127
996.2171521186829
997.5911118984222
1000.3720853328705
1002.9366047382355
1002.0358099937439
1003.1280341148376
1013.1169710159302
1003.0054488182068
998.7960686683655
999.1283173561096
1000.3263423442841
999.0005149841309
1000.0342688560486
1008.8947336673737
997.5841810703278
995.9757852554321
1001.6773731708527
1000.5695345401764
997.4312772750854
997.4290010929108
995.7596662044525
997.3451540470123
996.385671377182
998.1237988471985
997.2644679546356
996.00608086586
1000.8676857948303
995.5232226848602
993.5075118541718
1001.8588089942932
997.9373807907104
996.259857416153
1002.156608581543
996.4852645397186
998.0089178085327
1002.7143447399139
993.8114519119263
998.1279587745667
1002.0210068225861
1000.67884516716
1015.393387556076
991.1060612201691
970.0269041061401
969.5790519714355
1023.2558510303497
1037.9418003559113
1084.018248796463
1127.1353242397308
1030.1003980636597
993.1988949775696
1004.4305191040039
997.3626570701599
996.6389052867889
