[51.0, 43.0, 39.0, 35.0, 32.0, 30.0, 28.0, 26.0, 25.0, 24.0, 22.0, 21.0, 20.5, 21.0, 20.0, 19.5, 19.0, 18.0, 17.0, 17.0, 16.0, 16.0, 16.0, 15.0, 15.0, 15.0, 15.0, 14.0, 14.0, 13.5, 12.0, 14.0, 16.0, 15.0, 15.0, 15.0, 14.0]
[50.0, 42.0, 39.0, 35.0, 32.0, 29.0, 25.0, 24.0, 21.0, 20.0, 20.0, 20.0, 18.0, 18.0, 17.0, 18.0, 16.0, 17.0, 18.0, 17.0, 18.0, 18.0, 17.0, 17.0, 17.0, 18.0, 18.0, 18.0, 20.0, 18.0, 19.0, 18.0, 18.0, 18.0, 18.0, 18.0, 17.5, 16.0, 16.0, 16.0, 17.0, 17.0, 17.0, 16.0, 14.5, 15.0, 16.0, 14.0, 14.0, 14.0, 15.0, 16.0, 14.0, 14.0, 15.0, 16.0, 15.0, 15.0, 16.0, 14.0, 15.0, 14.0, 14.0, 14.0, 14.0, 14.0]
[50.0, 44.0, 40.0, 36.0, 30.0, 29.0, 27.0, 26.0, 24.0, 24.0, 23.0, 22.0, 20.0, 20.0, 20.0, 19.0, 19.0, 19.0, 19.0, 19.0, 18.0, 18.0, 18.0, 18.0, 17.5, 18.0, 18.0, 19.0, 17.0, 16.0, 15.5, 15.0, 17.0, 17.0, 16.0, 17.0, 17.0, 17.0, 18.0, 16.0, 16.0, 16.0, 16.0, 15.0, 15.0, 15.0, 16.0, 17.0, 16.0, 16.0, 16.0, 16.0, 16.0, 16.0, 15.5, 16.5, 15.0, 14.5, 14.0, 14.0, 14.0, 14.0, 14.0, 12.0, 13.0, 12.0, 14.0, 12.0, 13.0, 12.0, 14.0, 14.0]
[50.0, 44.0, 40.0, 37.0, 35.0, 33.0, 31.0, 28.0, 24.0, 24.0, 22.0, 20.0, 19.0, 18.0, 17.0, 17.0, 16.0, 16.0, 16.0, 15.0, 15.0, 16.0, 16.0, 16.0, 16.0, 15.0, 15.5, 16.0, 16.0, 17.0, 15.0, 14.5, 15.0, 15.0, 14.5, 14.0, 15.0, 14.0, 14.0, 15.0, 15.0, 15.0, 16.5, 15.0, 17.0, 16.0, 16.0, 16.0, 16.0, 16.0, 15.5, 15.0, 14.0, 14.0, 14.0, 14.0, 14.0, 14.0, 15.0, 14.0, 13.0, 14.0, 14.0, 14.0]
[50.0, 43.0, 37.0, 34.0, 31.0, 29.0, 27.0, 26.0, 25.0, 23.0, 21.0, 20.0, 19.0, 17.0, 17.0, 17.0, 18.0, 17.0, 15.0, 16.0, 15.0, 17.0, 16.0, 14.0, 14.0, 15.0, 15.0, 14.0, 14.0, 15.0, 14.5]
[51.0, 44.5, 40.0, 35.0, 33.5, 32.0, 29.0, 28.0, 27.5, 26.0, 25.0, 24.0, 23.0, 23.0, 22.0, 21.5, 22.0, 21.5, 21.0, 20.0, 19.0, 19.0, 19.0, 18.0, 18.0, 17.0, 18.0, 19.0, 19.0, 19.0, 19.0, 18.0, 17.0, 16.0, 15.0, 14.0, 15.0, 16.0, 16.0, 16.0, 16.0, 15.0, 14.0, 15.5, 15.0, 16.0, 15.0, 16.0, 14.0, 14.0, 14.0, 14.0, 15.0, 16.0, 15.0, 15.0, 15.0, 14.0, 14.0, 14.0, 15.0, 14.0, 13.0, 12.0, 13.0, 14.0, 14.5, 16.0, 16.0, 14.0, 14.0, 15.0, 15.0, 15.0, 14.0, 13.0, 13.5, 14.0, 13.0, 13.0, 13.0, 13.0, 14.0, 13.0, 14.0, 15.0, 15.0, 16.0, 14.0, 14.5, 14.0, 14.0, 14.0, 14.0, 14.0, 14.0, 14.0, 14.0, 14.0, 14.0, 14.5]
[50.0, 43.0, 38.5, 34.0, 29.5, 26.0, 27.0, 25.0, 25.0, 23.0, 24.0, 22.0, 22.0, 21.0, 20.0, 21.0, 21.0, 21.0, 20.0, 19.0, 20.0, 18.0, 18.0, 18.0, 18.0, 19.0, 18.0, 18.0, 18.0, 19.0, 19.0, 17.0, 16.0, 16.0, 17.0, 16.0, 17.0, 17.0, 17.0, 16.5, 16.0, 17.0, 17.0, 17.0, 16.0, 15.5, 15.0, 16.0, 17.0, 17.0, 15.0, 15.0, 16.0, 15.0, 14.0, 13.0, 13.0, 15.0, 15.0, 14.5, 16.0, 14.0, 16.0, 14.0, 15.0, 15.0, 14.0, 15.0, 15.0, 15.0, 14.0, 16.0, 16.0, 16.0, 15.0, 16.0, 17.0, 16.0, 17.0, 16.0, 17.0, 18.0, 17.0, 17.5, 16.5, 16.0, 16.0, 16.0, 16.0, 16.0, 14.0, 15.5, 14.5, 16.0, 16.0, 15.0, 15.0, 15.0, 15.5, 16.0, 14.0, 16.0, 16.0, 16.0, 16.0, 16.0, 16.0, 16.0, 16.0, 16.0, 15.0, 15.0, 16.0, 16.0, 16.5, 16.0, 16.0, 16.0, 17.0, 16.0, 17.0, 15.0, 16.0, 16.0, 16.0, 15.0, 16.0, 16.0, 15.0, 16.0, 16.0, 17.0, 14.5, 14.0, 16.0, 16.0, 16.0, 15.0, 16.0, 15.0, 16.0, 18.0, 16.0, 16.0, 16.0, 16.0, 16.0, 17.0, 17.0, 17.0, 18.0, 17.0, 15.5, 17.0, 17.0, 17.0, 17.0, 17.0, 17.0, 17.0, 17.0, 15.0, 16.0, 14.0, 14.0, 12.0, 13.0, 14.0, 14.0, 14.5, 14.0, 16.0, 14.0, 14.0, 14.0, 14.0, 14.5, 14.0, 15.0, 15.0, 14.0, 14.0, 14.0, 13.0, 12.0]
[50.5, 43.0, 37.0, 33.5, 32.0, 28.0, 27.0, 24.5, 23.0, 21.0, 21.0, 21.0, 19.0, 17.0, 16.0, 14.0, 13.0, 15.0, 14.0, 14.5, 15.5, 15.0, 14.0, 14.0, 13.0, 13.5, 14.0, 13.5, 13.0, 14.0, 13.0, 14.0, 14.0, 14.0, 14.0, 14.0, 14.0, 16.0, 15.0, 16.0, 14.0, 16.0, 14.0, 14.0]
[51.0, 44.0, 40.0, 35.0, 32.0, 30.0, 28.0, 26.0, 23.0, 21.0, 22.0, 21.0, 21.0, 19.0, 18.5, 19.0, 20.0, 19.0, 19.0, 18.0, 17.5, 18.0, 17.0, 18.0, 17.0, 17.0, 17.0, 16.5, 17.0, 16.0, 16.0, 16.0, 16.0, 15.0, 15.0, 14.0, 16.0, 14.0, 15.0, 15.0, 14.0, 14.0, 14.0, 15.0, 14.0, 14.0, 13.0, 13.0, 13.5, 14.0]
[50.0, 42.0, 37.0, 33.0, 31.0, 27.0, 25.0, 24.0, 23.0, 22.0, 22.0, 22.0, 22.0, 20.0, 20.0, 18.0, 18.5, 17.0, 17.0, 16.0, 14.0, 14.0, 14.0, 14.0, 14.0, 16.0, 14.0, 14.0]
[51.0, 43.0, 40.0, 36.0, 35.0, 31.0, 28.0, 27.0, 26.5, 24.0, 24.0, 23.0, 22.0, 22.0, 21.5, 20.0, 20.0, 20.0, 20.0, 20.0, 18.0, 18.0, 16.5, 17.0, 18.0, 17.0, 16.0, 16.0, 16.0, 16.0, 14.5, 16.0, 14.0, 14.0, 13.0, 14.0, 13.5, 12.0, 14.0, 12.0, 13.0, 12.0, 14.0]
[51.0, 43.0, 39.0, 36.0, 33.0, 30.0, 27.0, 26.0, 25.0, 24.0, 22.0, 20.5, 19.5, 19.0, 18.5, 17.0, 17.5, 17.0, 18.0, 17.0, 17.0, 16.0, 16.0, 17.0, 16.0, 17.0, 17.0, 17.5, 16.5, 18.0, 16.0, 15.5, 15.0, 15.5, 15.0, 17.0, 15.0, 15.0, 16.0, 16.0, 16.0, 16.0, 16.0, 16.0, 16.0, 15.0, 15.0, 16.0, 16.0, 14.0, 15.0, 13.0, 15.0, 14.5, 14.0, 14.5, 16.0, 16.0, 14.0, 14.0, 15.5, 16.0, 15.0, 15.0, 14.0, 14.0, 14.0, 14.0, 14.0, 14.0, 14.0, 15.0, 14.0, 14.0, 14.0, 12.5, 14.0, 14.0, 14.0, 14.0, 13.5, 14.0, 14.0, 13.0, 14.0, 14.0, 13.0, 12.0, 12.0, 14.0, 12.0, 13.0]
[51.0, 44.0, 38.0, 34.0, 31.5, 29.0, 29.0, 26.0, 26.0, 24.0, 24.0, 23.0, 21.0, 20.0, 20.0, 19.5, 21.0, 20.0, 18.0, 18.0, 18.5, 19.0, 19.0, 18.0, 17.5, 18.0, 17.0, 17.0, 18.0, 18.0, 17.0, 17.0, 17.0, 15.0, 14.0, 14.0, 14.0, 14.0, 14.0, 14.0, 13.5, 13.0, 16.0, 15.0, 16.0, 14.0, 12.5, 12.0, 14.0, 14.0, 14.0, 14.0, 14.0, 15.0, 14.0, 14.0, 15.0, 14.5, 14.0, 15.5, 14.0, 16.0, 15.0, 16.0, 18.0, 16.0, 16.0, 15.0, 14.0, 14.0, 14.0, 15.0, 15.0, 15.0, 14.0, 14.0, 14.0]
[51.0, 43.0, 37.0, 34.0, 32.0, 30.0, 27.0, 26.0, 24.5, 23.0, 22.0, 21.0, 19.0, 18.0, 18.0, 18.0, 18.0, 17.0, 17.0, 17.0, 17.0, 17.0, 17.0, 18.0, 16.0, 16.0, 16.0, 16.0, 16.0, 14.0, 14.0, 14.0, 14.0, 14.0, 14.0, 14.0, 14.0, 14.0, 14.0, 14.0, 14.0, 14.0, 14.0, 12.5]
[51.0, 44.0, 39.0, 33.5, 30.0, 28.0, 26.0, 25.0, 24.0, 23.0, 22.0, 22.0, 21.0, 21.0, 21.0, 20.0, 19.0, 19.0, 18.0, 18.0, 17.0, 18.0, 17.5, 18.0, 18.0, 18.0, 20.0, 19.0, 18.0, 18.0, 17.0, 16.0, 15.5, 14.0, 14.0, 15.0, 14.0, 14.0, 15.0, 15.0, 15.0, 15.5, 15.0, 14.0, 14.0, 13.5]
[50.5, 44.0, 38.0, 33.0, 30.0, 26.0, 25.0, 24.0, 23.0, 22.0, 22.0, 20.0, 20.0, 18.0, 18.0, 18.0, 18.0, 17.0, 17.0, 17.0, 16.0, 17.0, 16.0, 17.0, 16.0, 17.0, 15.0, 16.5, 16.0, 16.0, 17.0, 16.0, 15.0, 16.0, 16.0, 16.0, 16.0, 15.0, 15.5, 16.5, 17.0, 17.0, 16.5, 16.0, 18.0, 17.0, 17.0, 16.0, 17.0, 17.0, 17.0, 17.0, 17.0, 16.5, 17.0, 17.0, 17.0, 18.0, 17.0, 16.0, 16.0, 16.0, 16.0, 16.0, 15.0, 15.0, 16.0, 16.0, 15.0, 15.0, 14.0, 15.0, 14.0, 16.0, 15.0, 15.0, 15.0, 15.0, 14.0, 13.0, 14.0, 14.0, 13.0, 13.0, 13.0, 14.0, 15.0, 15.0, 13.5, 15.0, 14.0, 14.0, 15.0, 14.0, 14.0, 12.0, 14.0, 14.0, 14.0, 14.0, 14.0, 14.0, 16.0, 16.0, 14.0, 14.0, 16.0, 14.0, 13.0]
[50.0, 42.0, 37.0, 35.0, 33.0, 32.0, 30.0, 28.5, 26.0, 25.0, 25.0, 24.0, 22.0, 21.0, 21.0, 21.0, 21.0, 19.0, 18.0, 19.0, 18.0, 17.0, 18.0, 17.0, 16.0, 16.0, 15.0, 15.0, 16.0, 16.0, 16.0, 15.0, 15.0, 15.0, 15.0, 15.0, 16.0, 15.0, 15.0, 16.0, 15.0, 15.0, 16.0, 16.0, 17.0, 15.0, 15.0, 16.0, 16.5, 16.0, 16.0, 16.0, 16.5, 15.0, 15.0, 16.0, 16.0, 16.0, 15.0, 15.0, 15.5, 14.0, 14.0, 14.0, 14.0, 14.0, 14.0, 14.0, 14.0, 16.0, 15.0, 15.0, 16.0, 14.0, 14.0, 14.0]
[51.0, 44.0, 38.0, 34.0, 31.5, 28.0, 26.0, 24.0, 21.0, 20.0, 20.0, 20.0, 18.0, 17.0, 18.0, 17.0, 17.0, 17.0, 16.5, 17.0, 17.0, 17.0, 17.0, 16.0, 15.0, 16.0, 14.0, 15.0, 16.0, 14.0, 15.0, 14.0, 15.0, 14.0, 15.0, 16.0, 14.0, 14.0, 14.0, 14.0, 14.0, 14.0, 15.0, 14.0, 14.0]
[51.0, 45.0, 39.0, 35.0, 33.0, 29.0, 26.0, 23.0, 22.0, 21.0, 19.0, 19.0, 18.0, 19.0, 18.5, 19.0, 19.0, 18.0, 17.0, 17.5, 16.0, 18.0, 18.0, 16.0, 17.0, 17.0, 17.0, 17.0, 17.0, 15.0, 16.0, 16.0, 16.0, 18.0, 17.0, 17.0, 16.0, 17.0, 16.0, 16.0, 17.0, 18.0, 18.0, 17.0, 16.0, 16.0, 16.0, 16.0, 16.0, 16.0, 16.0, 16.0, 16.0, 16.0, 16.0, 15.0, 15.0, 14.0, 15.5, 16.0, 16.0, 16.0, 14.0, 15.0, 15.0, 15.0, 14.0, 14.0, 16.0, 16.0, 14.0, 15.0, 15.0, 15.0, 14.0, 13.0, 15.0, 14.0, 14.0, 14.0, 15.0, 15.0, 14.0, 14.0, 14.0, 15.0, 14.0, 13.0, 13.0, 14.0, 14.0, 14.0, 14.0, 14.0, 14.0, 14.0, 15.0, 14.5, 16.0, 14.0, 13.0, 13.0, 15.0, 15.0, 14.0, 14.0, 15.0, 15.0, 14.5, 15.5, 15.0, 14.0, 14.0, 14.0, 13.0, 14.0, 14.0, 14.0, 15.0, 15.0, 14.0, 15.0, 16.0, 16.0, 16.0, 15.0, 16.0, 16.0, 16.0, 15.0, 15.0, 14.0, 15.0, 15.0, 14.0, 14.0, 15.0, 15.0, 14.0, 15.0, 16.0, 15.0, 15.0, 16.0, 15.5, 14.0, 15.0, 12.5, 14.0, 14.5, 15.0, 16.0, 15.5, 14.0, 15.0, 16.0, 15.0, 14.0, 14.0, 13.0, 14.0, 14.5, 14.0, 14.0, 14.0, 14.0, 13.0, 14.0, 14.0, 14.0, 13.0, 14.0, 14.0, 14.5, 14.0, 14.0, 14.0, 15.0, 14.0, 15.5, 15.0, 14.0, 16.0, 14.0, 14.0, 14.0, 14.0, 14.0, 12.0, 12.0, 15.0, 14.0, 14.0, 14.0, 14.0, 14.0, 13.0, 12.0, 14.0, 14.0, 14.0, 14.0, 16.0, 14.5, 14.0, 14.0, 14.0, 14.0, 14.0, 16.0, 14.5, 14.0, 14.0, 12.0]
[49.0, 43.0, 37.0, 33.0, 30.0, 27.0, 25.0, 23.0, 22.0, 21.0, 21.5, 21.0, 20.0, 20.0, 19.0, 18.0, 18.0, 16.0, 17.0, 18.0, 18.5, 17.0, 17.0, 16.0, 16.5, 15.5, 15.0, 15.0, 14.0, 14.0, 14.0, 13.0, 14.0]
[51.0, 44.0, 37.0, 33.0, 30.0, 29.0, 27.0, 26.0, 23.5, 21.0, 20.0, 20.0, 20.0, 18.0, 18.0, 18.0, 18.0, 19.0, 17.5, 17.0, 18.0, 17.0, 16.0, 17.0, 18.0, 16.0, 18.0, 17.0, 17.0, 16.0, 16.0, 15.0, 15.0, 14.0, 15.5, 16.0, 16.0, 17.0, 16.0, 16.0, 16.0, 16.0, 16.0, 15.5, 15.0, 15.0, 16.0, 16.0, 16.0, 15.0, 17.0, 16.0, 16.0, 16.0, 16.0, 15.5, 14.0, 15.0, 15.0, 15.0, 14.0, 14.0, 14.0, 13.5, 14.0, 14.0, 14.0, 14.0, 16.0, 15.0, 14.0, 14.0, 13.5, 14.0, 15.0, 16.0, 14.5, 14.0, 16.0, 15.0, 16.0, 16.0, 16.0, 16.0, 17.0, 16.0, 16.0, 17.0, 16.0, 16.0, 16.0, 16.0, 17.0, 16.5, 15.5, 14.0, 14.0, 15.0, 14.0, 14.0, 14.0, 14.0, 15.0, 14.0, 14.0, 14.0, 14.0]
[51.0, 44.0, 40.0, 36.0, 32.0, 30.0, 28.0, 26.5, 24.0, 22.0, 21.0, 20.0, 20.0, 18.0, 18.0, 17.5, 16.5, 17.0, 16.0, 16.0, 15.5, 16.0, 16.0, 16.0, 16.0, 16.0, 16.0, 15.0, 15.0, 15.0, 14.0, 14.5, 16.0, 16.0, 16.0, 15.0, 14.0, 14.0, 12.0, 14.0, 14.0]
[50.0, 43.5, 37.0, 35.0, 33.0, 30.0, 28.0, 27.0, 26.0, 24.0, 23.0, 21.5, 22.0, 21.0, 21.0, 20.5, 19.0, 20.0, 19.0, 19.0, 19.0, 18.0, 20.0, 19.0, 19.0, 19.0, 20.0, 19.0, 19.0, 17.5, 17.0, 17.0, 18.0, 19.0, 17.0, 18.0, 18.0, 18.0, 17.0, 17.0, 16.0, 17.0, 17.0, 17.0, 17.0, 16.0, 16.0, 17.0, 16.0, 15.0, 16.0, 15.5, 15.0, 15.5, 15.0, 16.0, 17.0, 17.0, 17.0, 17.0, 16.0, 16.0, 17.0, 17.0, 15.0, 17.0, 16.5, 16.0, 18.0, 16.0, 16.0, 16.0, 16.0, 15.0, 17.0, 17.0, 17.5, 16.0, 16.0, 16.0, 16.0, 16.0, 16.5, 14.0, 15.0, 16.0, 16.0, 16.0, 16.0, 16.0, 16.0, 17.0, 16.0, 16.0, 16.0, 15.0, 15.0, 16.0, 16.0, 15.5, 15.0, 16.0, 16.0, 16.0, 16.0, 15.0, 15.0, 14.0, 14.5, 16.0, 15.0, 16.0, 15.0, 16.0, 16.5, 18.0, 16.0, 15.0, 15.0, 15.0, 16.0, 16.0, 14.0, 15.0, 15.5, 14.0, 16.0, 14.5, 16.0, 17.0, 16.5, 16.0, 16.0, 16.0, 15.0, 17.0, 16.0, 16.0, 16.0, 17.0, 16.0, 15.0, 16.0, 16.0, 17.0, 16.0, 16.0, 15.0, 14.5, 15.0, 16.0, 16.0, 16.0, 16.0, 15.0, 14.0, 14.0, 14.0]
[51.0, 45.0, 40.0, 34.0, 31.0, 29.0, 26.0, 25.0, 23.0, 22.0, 22.0, 20.5, 20.0, 19.0, 18.0, 18.0, 17.0, 17.0, 17.0, 17.0, 17.0, 16.0, 15.0, 16.0, 15.0, 15.0, 14.5, 14.0, 14.0, 14.0, 14.0, 14.0, 13.0, 14.0, 14.0, 14.0, 14.0, 14.0, 13.0, 14.0, 14.0, 13.0, 12.0, 12.0]
[51.0, 43.0, 38.0, 35.0, 31.0, 28.0, 27.0, 26.5, 25.0, 23.0, 21.0, 20.0, 18.0, 18.0, 18.0, 18.0, 19.0, 20.0, 19.0, 18.0, 18.0, 18.0, 17.0, 18.0, 18.0, 16.0, 14.0, 15.0, 14.0, 15.0, 15.0, 15.0, 14.5, 14.0, 15.0, 15.0, 14.0, 13.0, 14.0, 14.0, 14.0, 14.0, 14.0, 15.0, 14.0, 14.0]
[50.0, 43.0, 39.0, 35.0, 33.0, 30.0, 28.0, 26.0, 23.0, 22.0, 22.0, 22.0, 21.0, 21.0, 21.0, 20.0, 20.0, 19.5, 18.0, 18.0, 17.5, 18.0, 16.5, 16.0, 17.0, 16.0, 18.0, 18.0, 18.0, 19.0, 19.0, 20.0, 19.0, 18.0, 17.0, 18.0, 17.0, 18.0, 18.0, 17.5, 16.0, 16.0, 18.0, 17.0, 16.0, 16.0, 17.0, 16.5, 16.0, 15.0, 16.0, 17.0, 18.0, 16.0, 16.0, 15.0, 16.0, 16.0, 16.0, 16.0, 17.0, 18.0, 18.0, 15.0, 14.0, 16.0, 15.0, 16.0, 14.0, 14.0, 15.0, 16.0, 15.0, 14.0, 14.5, 14.0, 14.0, 15.0, 15.0, 14.0, 15.0, 14.0, 16.0, 16.0, 15.0, 15.0, 14.0, 16.0, 15.0, 14.0, 14.0, 14.0, 15.5, 16.0, 16.0, 16.0, 16.0, 15.0, 14.5, 15.5, 15.0, 14.0, 14.0, 14.0, 15.0, 14.0, 15.0, 15.0, 14.0, 14.0, 14.0, 14.0, 14.0, 14.0, 14.0, 15.0, 14.0, 13.5, 12.5, 12.5, 14.0, 12.5, 14.0, 13.0, 15.0, 14.0, 13.0, 14.0]
[50.0, 44.0, 38.0, 31.0, 29.0, 27.0, 25.0, 24.0, 23.0, 22.0, 21.5, 21.0, 21.0, 20.0, 20.0, 19.0, 19.0, 19.0, 18.0, 17.0, 17.0, 17.0, 18.0, 17.0, 16.0, 16.0, 18.0, 18.0, 18.0, 17.0, 18.0, 17.0, 18.0, 17.0, 17.0, 18.0, 19.0, 19.0, 19.0, 17.5, 18.0, 17.0, 18.0, 18.0, 18.0, 18.0, 17.0, 18.0, 18.0, 19.0, 18.0, 17.0, 16.0, 16.0, 17.0, 15.0, 15.5, 15.0, 16.0, 15.0, 15.0, 16.0, 16.0, 16.0, 15.0, 16.0, 15.0, 14.0, 16.0, 16.0, 15.5, 16.0, 15.0, 16.0, 15.0, 15.0, 15.0, 15.0, 14.0, 16.0, 15.0, 16.0, 14.0, 15.0, 14.0, 14.0, 14.0, 14.0]
[51.0, 43.0, 38.0, 35.0, 32.0, 29.0, 28.0, 26.0, 24.0, 23.0, 21.0, 20.0, 21.0, 19.0, 19.0, 19.0, 19.5, 20.0, 20.0, 20.0, 19.5, 20.0, 18.0, 18.0, 18.0, 17.0, 16.0, 14.0, 16.0, 16.0, 16.0, 16.0, 15.0, 16.0, 16.0, 15.0, 13.0, 14.0, 14.0, 15.0, 14.0, 12.0, 14.0, 14.0, 16.0, 15.0, 14.0, 14.0, 15.0, 14.0, 14.0, 14.0, 15.5, 14.5, 14.0, 14.0, 14.0, 15.0, 14.0, 14.0, 14.5, 15.0, 15.0, 15.5, 16.0, 16.0, 15.0, 15.0, 16.0, 16.0, 16.0, 14.0, 15.0, 15.0, 12.0, 14.0, 15.0, 15.0, 15.0, 14.5, 14.0, 14.5, 14.0, 15.0, 16.0, 16.0, 16.0, 15.0, 14.0, 14.0, 13.0, 15.0, 15.0, 15.0, 14.0, 15.0, 14.0, 14.0, 14.0, 15.0, 14.0, 13.0, 13.0, 12.0, 12.0]
[50.0, 44.0, 37.5, 35.0, 32.0, 31.0, 29.0, 27.0, 25.0, 25.0, 23.0, 21.0, 20.0, 19.0, 19.0, 19.0, 18.0, 18.0, 17.0, 17.0, 17.0, 16.0, 15.0, 16.0, 17.0, 17.0, 17.5, 17.0, 18.0, 17.0, 17.0, 18.0, 17.0, 17.0, 18.0, 17.0, 17.0, 16.5, 18.0, 17.0, 17.0, 17.0, 18.0, 19.0, 18.0, 19.0, 18.0, 16.5, 18.0, 17.0, 16.0, 16.0, 16.0, 16.0, 17.0, 16.0, 16.0, 16.0, 15.0, 15.0, 16.0, 16.0, 17.0, 16.0, 16.0, 16.0, 16.0, 16.0, 15.0, 16.0, 15.0, 16.0, 17.0, 16.0, 16.5, 16.0, 16.0, 16.0, 16.0, 16.0, 17.0, 16.0, 16.5, 18.0, 18.0, 16.0, 17.0, 16.0, 15.0, 15.0, 16.0, 15.0, 16.0, 16.0, 17.0, 15.0, 15.0, 16.0, 16.0, 15.0, 15.0, 16.0, 16.0, 15.0, 15.0, 15.0, 15.0, 14.0, 14.0, 14.0, 14.0, 14.0, 16.0, 17.0, 16.0, 17.5, 16.0, 17.0, 18.0, 16.0, 16.0, 15.0, 15.0, 16.0, 15.0, 16.0, 16.0, 15.0, 16.0, 16.0, 15.0, 15.0, 16.0, 16.0, 16.0, 16.5, 16.0, 16.0, 17.0, 16.0, 15.0, 16.0, 16.0, 16.0, 15.0, 15.0, 16.0, 17.0, 16.0, 15.5, 14.0, 14.0, 16.0, 16.0, 15.0, 16.0, 15.0, 16.0, 15.0, 15.0, 15.0, 15.5, 16.0, 16.0, 16.0, 17.0, 16.0, 16.0, 16.0, 16.0, 17.0, 15.5, 15.0, 15.0, 14.0, 13.0, 14.0, 13.0, 12.0, 13.0, 13.0, 11.0, 12.0, 13.0, 13.0, 12.0, 13.0, 14.0, 14.0, 14.0, 14.0, 14.0, 14.0, 14.0, 14.0, 15.0, 15.0, 16.0, 14.0, 13.0, 14.0, 13.0, 14.0, 14.0, 14.0, 13.0, 14.0, 14.5, 15.0, 15.0, 15.0, 16.0, 15.0, 16.0, 16.0, 16.0, 16.0, 15.5, 15.0, 15.0, 15.0, 16.0, 17.0, 16.0, 16.0, 16.0, 15.0, 14.5, 14.0, 14.5, 16.0, 14.5, 16.0, 16.0, 14.0, 15.0, 15.0, 14.0, 15.0, 14.0, 17.0, 16.0, 16.0, 16.0, 15.0, 14.0, 14.0, 13.0, 14.0, 12.0, 14.0, 14.0, 14.0, 14.0, 14.0, 14.0, 14.0, 13.0, 14.0, 14.0, 14.5, 15.0, 16.0, 14.0, 14.0, 14.0, 14.5, 15.0, 15.5, 15.0, 16.0, 15.0, 15.0, 13.0, 12.0, 14.0, 13.5, 14.0, 14.0, 14.0, 13.0, 14.0, 13.5, 13.0, 14.0, 12.0, 13.0, 12.0, 14.0, 14.0, 13.0, 14.0, 14.0, 14.0, 14.0, 15.0, 14.0, 13.0, 12.0, 12.0, 13.5, 14.0]
[51.5, 43.0, 39.0, 35.5, 33.0, 30.0, 28.0, 25.0, 24.0, 23.0, 21.0, 20.0, 19.0, 18.0, 19.0, 18.0, 17.0, 17.0, 17.5, 18.0, 18.5, 18.0, 17.0, 18.0, 18.0, 18.0, 17.0, 17.0, 18.0, 17.0, 18.0, 17.0, 17.5, 18.0, 17.0, 18.0, 17.0, 16.0, 17.0, 17.0, 17.0, 18.0, 16.0, 16.0, 16.0, 17.5, 17.5, 17.0, 16.0, 16.0, 16.0, 14.0, 13.0, 13.0]
[50.0, 45.0, 40.0, 35.0, 33.0, 30.0, 28.0, 24.0, 22.0, 21.0, 22.0, 20.0, 20.0, 19.0, 18.5, 18.0, 18.0, 17.0, 16.0, 16.0, 16.0, 16.0, 16.0, 16.0, 14.0, 14.0, 15.5, 14.0, 14.0, 14.0, 14.0, 15.0, 14.0, 13.5, 14.0, 14.0, 14.0, 14.5, 14.0, 14.0, 14.0, 13.0, 15.0, 15.5, 14.5, 15.0, 14.0, 14.0, 14.0, 14.0, 14.0, 14.0, 15.0, 14.0, 15.5, 16.0, 14.0, 14.0, 13.5, 14.0, 14.0, 14.0, 15.0, 16.0, 14.0, 15.0, 14.0, 14.0, 15.0, 14.0, 14.0, 12.0, 14.0, 16.0, 14.0, 14.5, 16.0, 15.5, 16.0, 17.0, 16.0, 16.0, 15.0, 15.0, 14.5, 16.0, 15.0, 15.5, 15.0, 15.0, 15.0, 15.0, 15.0, 16.0, 16.0, 16.0, 14.0, 14.0, 16.0, 15.0, 15.0, 14.0, 15.0, 14.5, 14.0, 14.0, 14.0, 14.0, 14.0, 14.0, 13.0]
[50.5, 43.0, 36.0, 33.0, 30.0, 28.0, 22.0, 20.0, 18.0, 17.0, 18.0, 17.0, 17.0, 18.0, 16.0, 15.0, 14.0, 15.0, 14.0, 14.0, 14.0, 16.0, 15.0, 14.0, 14.0, 13.0, 13.0]
[51.0, 43.0, 35.0, 31.0, 29.0, 28.0, 26.0, 23.0, 22.0, 21.0, 20.5, 19.0, 18.0, 17.0, 18.0, 18.0, 18.0, 17.0, 18.0, 18.0, 18.0, 18.0, 19.0, 18.0, 18.0, 16.0, 16.0, 16.0, 16.0, 16.0, 16.0, 15.0, 14.0, 14.0, 15.0, 15.0, 15.0, 16.0, 15.0, 14.0, 14.0, 14.0, 14.0, 15.0, 14.0, 16.0, 15.0, 14.5, 14.0, 13.0, 14.0, 14.0, 16.0, 14.0, 14.0, 16.0, 15.0, 14.0, 14.0, 15.0, 15.0, 14.0, 13.0, 12.5, 14.0, 13.0, 14.0, 13.0, 13.0, 14.0, 15.5, 14.0, 14.0, 14.0, 14.0, 14.0, 14.0, 15.0, 16.0, 15.0, 14.0, 14.0, 14.0, 15.0, 15.0, 15.0, 14.0, 14.0, 14.0, 16.0, 16.0, 14.0, 13.0, 14.0, 14.0, 15.0, 13.0, 13.5, 13.0, 12.0, 13.5, 13.0, 13.0, 15.0, 15.0, 14.0, 15.0, 15.0, 14.0, 14.0, 15.0, 15.5, 15.0, 16.0, 16.0, 16.0, 16.0, 14.0, 15.0, 16.0, 14.0, 16.0, 16.0, 16.0, 16.0, 16.0, 15.0, 15.5, 16.0, 16.0, 16.0, 16.0, 16.0, 14.0, 15.0, 16.0, 16.0, 16.0, 16.0, 16.0, 15.0, 14.0, 14.0, 15.0, 15.0, 15.0, 16.0, 15.0, 15.5, 16.0, 15.0, 15.0, 14.0, 15.0, 16.0, 16.0, 14.0, 14.0, 14.0, 12.0, 12.0, 11.5, 11.0, 12.5, 14.0, 14.0, 12.0, 13.0, 14.0, 14.0, 14.0, 13.0, 14.0, 14.0, 15.0, 15.0, 14.0, 13.0, 14.0, 14.0, 15.0, 14.0, 15.0, 16.0, 15.0, 15.0, 14.0, 15.0, 16.0, 15.0, 16.0, 14.5, 14.0, 14.0, 14.0, 14.0, 14.0, 13.0, 12.0, 12.0, 14.0, 14.0, 14.0, 14.0, 15.0, 15.0, 14.0, 14.0, 12.0, 12.0, 14.0, 14.0, 15.0, 14.0, 14.0, 15.0, 15.0, 15.0, 15.0, 15.0, 15.0, 14.0, 15.0, 14.0, 14.0, 15.0, 14.0, 14.5, 14.0, 14.0, 16.0, 16.0, 16.0, 17.0, 16.0, 15.0, 15.0, 15.0, 15.0, 15.0, 15.0, 15.0, 16.0, 16.0, 15.0, 14.0, 14.5, 16.0, 14.0, 15.0, 15.0, 15.0, 14.0, 13.5, 13.5, 14.0, 14.0, 14.0, 14.0, 14.0, 14.5, 15.0, 14.0, 14.0, 14.0, 14.0, 14.0, 13.5, 14.0, 14.0, 14.0, 13.5]
[51.0, 42.0, 37.0, 34.0, 33.5, 32.0, 30.0, 27.0, 27.0, 25.0, 25.0, 25.0, 24.0, 22.0, 21.0, 21.0, 21.0, 21.0, 19.0, 19.0, 19.0, 18.0, 18.0, 18.0, 17.0, 16.0, 15.5, 14.5, 14.0, 15.0, 14.0]
[51.0, 44.0, 40.0, 36.0, 33.0, 30.0, 26.0, 26.0, 25.0, 25.0, 25.0, 23.5, 21.0, 19.0, 19.0, 19.0, 18.0, 18.0, 18.0, 17.0, 16.0, 17.0, 17.0, 17.0, 17.0, 18.0, 18.0, 16.5, 16.0, 16.0, 16.0, 16.5, 17.0, 16.0, 17.0, 16.0, 14.0, 15.0]
[50.0, 42.0, 38.0, 34.0, 32.0, 30.0, 28.0, 27.0, 26.0, 25.0, 24.0, 23.0, 20.0, 19.0, 19.0, 18.0, 18.0, 17.0, 16.0, 15.0, 15.0, 16.0, 16.0, 15.0, 16.0, 14.0, 15.0, 14.0, 13.5, 13.0, 12.5]
[51.0, 44.0, 39.0, 35.0, 32.0, 29.0, 27.0, 27.0, 24.5, 22.0, 20.0, 20.0, 20.0, 19.5, 20.0, 19.0, 19.0, 19.0, 19.0, 18.0, 18.0, 18.0, 19.0, 19.0, 19.0, 18.0, 18.0, 18.0, 17.0, 17.0, 17.0, 17.0, 17.0, 18.0, 18.5, 17.0, 18.0, 17.0, 17.0, 18.0, 18.0, 18.0, 17.0, 18.0, 18.0, 18.0, 18.0, 18.0, 17.0, 17.0, 17.0, 17.0, 15.0, 14.0, 14.0, 16.0, 16.0, 18.0, 18.0, 17.0, 16.0, 15.0, 14.0, 13.0, 14.0, 14.0, 14.0, 15.0, 14.0, 14.5, 14.0, 12.5, 12.0, 12.0, 13.0, 12.0, 14.0, 14.0, 14.0, 14.0, 15.0, 14.0, 14.0, 14.0, 14.0, 15.0, 14.0]
[50.0, 43.0, 39.0, 34.0, 31.5, 29.0, 27.0, 25.0, 23.0, 22.0, 21.0, 19.0, 19.0, 18.0, 17.0, 17.0, 18.0, 18.0, 18.0, 17.0, 17.0, 17.0, 17.0, 17.0, 17.0, 16.0, 16.0, 16.0, 16.0, 18.0, 16.0, 15.0, 16.0, 16.0, 16.0, 15.0, 14.0, 14.5, 14.0, 14.0, 14.0, 16.0, 16.0, 17.0, 16.0, 16.0, 16.0, 16.0, 16.0, 16.0, 16.0, 15.0, 14.0, 14.0, 14.0, 16.0, 16.0, 16.0, 16.0, 15.0, 16.0, 17.0, 16.0, 16.0, 16.0, 16.0, 15.0, 16.0, 17.0, 16.0, 14.0, 15.0, 16.0, 15.0, 14.0, 16.0, 14.0, 16.0, 16.0, 16.0, 17.0, 17.0, 17.0, 17.0, 16.0, 16.0, 16.0, 14.0, 16.0, 16.0, 17.0, 16.0, 16.0, 17.0, 16.5, 16.5, 18.0, 17.0, 17.0, 17.0, 17.0, 16.5, 17.0, 16.0, 17.0, 17.0, 18.0, 17.0, 18.0, 17.0, 16.0, 16.0, 16.0, 16.0, 16.0, 14.0, 14.0, 14.0, 15.0, 16.0, 14.0, 14.0, 15.0, 15.0, 16.0, 14.0, 14.0, 14.0, 14.0, 12.5, 13.5, 14.0, 14.0, 15.0]
[52.0, 44.0, 39.0, 34.0, 32.0, 30.0, 28.0, 26.5, 25.0, 24.0, 24.0, 24.0, 23.0, 22.0, 24.0, 23.0, 22.0, 22.0, 22.5, 22.0, 20.0, 20.0, 20.0, 18.0, 18.0, 20.0, 19.0, 19.0, 18.0, 19.0, 18.0, 19.0, 18.0, 17.0, 17.0, 19.0, 19.0, 18.5, 18.5, 18.0, 18.0, 17.0, 18.0, 17.0, 17.0, 17.0, 17.0, 16.0, 16.0, 16.5, 17.0, 17.0, 16.0, 16.0, 14.0, 14.0, 14.0, 14.0, 15.0, 14.0, 14.0, 14.0, 14.0, 13.0, 13.0, 13.0, 13.5, 14.0, 15.0, 15.0, 15.0, 14.0, 15.0, 14.0, 13.5]
[50.5, 43.0, 40.0, 37.0, 33.5, 30.0, 27.0, 28.0, 27.0, 25.0, 25.0, 24.5, 23.0, 22.0, 22.0, 22.0, 20.0, 19.0, 20.0, 19.0, 19.0, 19.0, 16.0, 16.0, 16.0, 16.0, 16.0, 16.0, 16.0, 16.0, 17.0, 16.0, 16.5, 17.0, 18.0, 18.0, 16.0, 16.0, 15.0, 15.0, 16.0, 16.0, 16.0, 15.0, 15.0, 17.0, 16.0, 14.0, 13.0, 12.0, 14.0]
[50.0, 44.0, 38.5, 34.5, 33.0, 31.0, 28.5, 26.0, 24.0, 23.0, 24.0, 22.0, 22.0, 19.0, 18.0, 18.0, 16.0, 17.0, 17.0, 16.0, 16.0, 17.0, 16.0, 16.0, 17.0, 16.0, 15.0, 15.0, 15.0, 16.0, 15.0, 14.0, 15.0, 16.0, 16.0, 16.0, 15.0, 16.0, 16.0, 15.0, 14.0, 15.0, 14.0, 14.0, 14.0, 14.0, 13.0, 13.0, 14.0, 14.0, 13.0, 14.0, 14.0, 12.0, 13.0, 14.0, 14.0, 14.0, 14.0, 14.0]
[50.5, 44.0, 40.0, 36.0, 32.0, 29.0, 28.0, 26.5, 25.0, 23.0, 22.0, 21.0, 22.0, 20.0, 20.0, 20.0, 19.0, 18.5, 18.0, 18.0, 18.0, 18.0, 16.0, 17.0, 18.0, 17.0, 18.0, 16.0, 17.0, 16.0, 15.5, 17.0, 17.0, 16.0, 16.0, 16.0, 15.0, 16.0, 15.0, 16.0, 16.0, 16.0, 15.0, 14.0, 14.0, 14.0, 14.0, 12.0, 13.0, 14.0, 12.0, 14.0, 15.0, 14.0, 14.0, 14.0, 15.0, 14.0, 15.0, 14.0, 14.5, 15.0, 14.0, 14.0, 14.0, 14.0, 14.0, 13.0, 13.0]
[50.0, 43.0, 37.0, 33.0, 30.0, 28.0, 25.0, 22.5, 21.0, 20.0, 20.0, 20.0, 20.0, 20.0, 20.0, 19.0, 18.0, 18.0, 18.0, 18.0, 18.0, 18.0, 17.0, 18.0, 18.0, 17.0, 15.0, 16.0, 18.0, 16.0, 15.0, 16.0, 16.0, 16.0, 15.0, 14.0, 15.5, 16.0, 15.0, 16.0, 15.0, 14.0, 14.5, 15.0, 15.0, 16.0, 15.0, 14.5, 14.0, 14.0, 14.0, 14.0, 14.0, 15.0, 14.0, 14.0, 16.0, 16.0, 16.0, 14.5, 14.0, 14.0, 14.0, 14.0, 14.0, 15.0, 15.0, 15.0, 14.0, 14.0, 14.0, 13.0, 13.5, 14.0, 14.0, 14.0, 14.0, 16.0, 16.0, 16.0, 16.0, 16.0, 14.0, 14.0, 14.0, 14.0, 14.0, 14.0, 14.0, 13.0, 14.0, 15.0, 14.0, 14.0, 16.0, 16.0, 16.0, 16.0, 16.0, 15.0, 15.0, 14.0, 15.0, 14.0, 15.0, 14.0, 14.0, 14.0, 14.0, 13.0, 14.0, 14.0]
[52.0, 44.0, 40.0, 34.0, 32.0, 28.5, 26.0, 24.0, 22.0, 21.0, 19.0, 19.0, 18.0, 17.0, 15.5, 16.0, 16.0, 15.0, 14.0, 15.5, 14.0, 14.5, 16.0, 15.0, 14.0, 14.0, 15.0, 14.0, 14.0, 13.5, 14.0, 14.0, 14.0, 14.0, 14.0, 16.0, 15.0, 14.0, 14.0, 14.0, 12.0, 12.5, 12.0, 12.0, 14.0, 14.0, 15.0, 16.0, 14.0, 14.0, 14.0, 14.0, 14.0, 14.0, 12.0, 13.0, 12.5, 12.0, 12.0, 14.0]
[50.0, 44.0, 38.0, 34.0, 29.0, 26.0, 26.0, 24.0, 25.0, 25.0, 23.0, 23.0, 22.0, 22.0, 21.0, 20.0, 19.0, 19.0, 19.0, 19.0, 20.0, 18.0, 18.0, 17.0, 17.0, 16.0, 16.5, 17.0, 17.0, 17.0, 16.0, 15.0, 16.0, 16.0, 15.0, 13.0]
[51.0, 44.0, 40.0, 37.0, 32.5, 30.0, 27.5, 24.0, 24.0, 21.0, 22.0, 22.0, 21.0, 20.0, 20.0, 20.0, 18.0, 18.5, 18.0, 17.0, 16.0, 16.0, 15.0, 14.5, 14.0, 14.0, 15.5, 16.0, 15.0, 14.5, 16.0, 16.0, 16.0, 14.0, 14.0, 14.0, 13.0, 12.0, 14.5, 14.0, 15.0, 14.0, 14.0, 14.0, 14.0, 14.0]
[51.0, 43.0, 40.0, 36.0, 32.0, 27.0, 26.0, 24.0, 24.0, 23.0, 21.0, 19.5, 19.0, 19.0, 18.0, 18.5, 18.0, 17.0, 17.0, 17.0, 16.0, 15.0, 16.0, 15.0, 15.0, 14.0, 13.0, 13.0, 13.0, 14.0, 16.0, 16.0, 14.0, 16.0, 14.0, 14.5, 14.0]
[51.0, 43.0, 39.0, 35.0, 32.0, 30.0, 30.0, 27.0, 24.5, 23.0, 22.0, 21.5, 21.0, 20.0, 19.0, 17.0, 16.5, 16.0, 16.0, 15.0, 16.0, 16.0, 16.0, 17.0, 17.0, 17.0, 16.0, 17.0, 17.0, 18.5, 18.0, 18.0, 17.0, 17.0, 17.0, 17.0, 17.0, 18.0, 18.0, 17.0, 18.0, 17.0, 17.0, 19.0, 18.0, 18.0, 18.0, 18.0, 17.0, 16.0, 16.0, 16.0, 15.0, 14.0, 15.0, 16.0, 16.0, 16.0, 15.0, 14.0, 14.5, 16.0, 15.0, 16.0, 15.0, 15.0, 15.5, 16.0, 15.5, 15.0, 15.0, 16.0, 15.5, 15.0, 16.0, 16.0, 16.0, 17.0, 16.0, 17.0, 17.0, 16.0, 16.0, 17.0, 15.0, 16.0, 15.0, 15.0, 15.0, 14.0, 15.0, 16.0, 16.0, 16.0, 17.0, 16.0, 16.0, 17.0, 16.0, 16.0, 16.0, 16.0, 17.0, 16.0, 15.0, 16.0, 16.0, 16.0, 15.5, 14.0, 15.0, 16.0, 14.0, 15.0, 14.0, 15.0, 15.0, 16.0, 15.0, 15.0, 16.0, 15.0, 15.0, 17.0, 16.0, 16.0, 16.0, 16.0, 16.5, 16.0, 18.0, 16.0, 16.0, 16.0, 16.0, 16.0, 16.0, 16.0, 16.0, 16.0, 16.0, 17.0, 16.0, 16.0, 16.0, 16.0, 17.0, 16.0, 17.0, 17.0, 18.0, 17.0, 17.0, 18.0, 17.0, 16.0, 17.0, 17.0, 18.0, 17.0, 16.0, 17.5, 17.0, 16.0, 15.5, 15.0, 16.0, 15.0, 16.0, 16.0, 14.0, 16.0, 15.0, 16.0, 15.0, 16.0, 16.0, 16.0, 15.0, 16.0, 16.0, 15.0, 16.0, 15.0, 14.0, 14.0, 14.0, 13.5, 14.0, 14.0, 14.0, 13.0, 13.0, 13.0, 13.0, 14.0, 12.0, 14.0, 14.0, 14.0, 13.0, 14.0, 14.0, 16.0, 15.0, 14.0, 14.0, 13.0, 13.0, 12.0, 14.0, 13.0, 12.0]
[51.0, 43.0, 38.0, 35.0, 32.0, 30.0, 29.0, 26.0, 25.0, 22.0, 22.5, 21.0, 19.5, 20.0, 20.0, 19.0, 19.0, 19.0, 19.0, 19.0, 19.0, 20.0, 19.0, 20.0, 20.0, 19.0, 19.0, 20.0, 19.0, 17.0, 18.0, 17.0, 17.0, 18.0, 18.0, 17.0, 16.5, 17.0, 16.0, 17.0, 17.0, 17.0, 17.0, 17.0, 18.0, 17.0, 17.0, 17.5, 17.0, 17.0, 16.0, 16.5, 17.0, 16.0, 17.0, 16.0, 16.0, 16.0, 17.0, 17.0, 16.0, 16.0, 17.0, 17.0, 15.5, 17.0, 17.0, 16.5, 15.5, 16.0, 15.5, 14.0, 14.0, 14.0, 16.0, 16.0, 16.0, 16.0, 15.5, 16.0, 16.0, 15.0, 16.0, 15.0, 14.0, 15.0, 16.0, 16.0, 16.0, 16.0, 16.0, 16.0, 17.0, 17.0, 16.0, 16.0, 14.0, 15.0, 15.0, 15.0, 14.0, 15.0, 15.0, 16.0, 16.0, 16.0, 16.0, 17.0, 16.0, 17.0, 16.5, 18.0, 18.0, 18.0, 17.0, 17.0, 17.0, 15.0, 15.5, 16.0, 16.0, 17.0, 17.0, 16.0, 17.0, 17.5, 16.0, 16.0, 17.0, 16.0, 16.5, 17.5, 17.0, 18.0, 18.0, 17.5, 16.5, 17.0, 16.0, 16.0, 16.0, 17.0, 16.5, 16.0, 16.5, 18.0, 17.0, 17.0, 16.0, 15.0, 16.0, 16.0, 16.5, 17.0, 17.0, 17.0, 17.0, 17.0, 17.0, 17.5, 16.0, 18.0, 18.0, 17.0, 17.0, 15.0, 16.0, 17.0, 16.0, 14.0, 14.5, 14.0, 14.0, 14.0, 14.0, 15.0, 14.5, 15.0, 16.0, 15.0, 16.0, 16.0, 16.0, 16.0, 16.0, 16.0, 16.0, 16.0, 16.0, 15.0, 16.0, 17.0, 16.0, 15.0, 15.0, 16.0, 15.0, 15.0, 14.5, 16.0, 16.0, 15.5, 16.0, 16.0, 16.0, 17.0, 18.0, 16.0, 16.0, 15.0, 14.0, 16.0, 16.0, 16.0, 16.0, 17.0, 16.0, 16.0, 15.0, 14.5, 16.0, 16.0, 16.0, 16.0, 14.0, 15.0, 16.0, 15.0, 16.0, 16.0, 16.0, 15.0, 15.0, 15.0, 14.5, 15.0, 15.0, 16.0, 16.0, 16.0, 16.0, 17.0, 17.0, 17.0, 17.0, 15.0, 16.0, 15.0, 16.0, 13.5, 14.0, 15.0, 15.0, 15.0, 14.0, 15.0, 15.0, 16.5, 17.0, 17.0, 16.0, 15.0, 16.0, 15.5, 16.0, 15.0, 16.0, 16.0, 16.0, 15.0, 16.5, 17.0, 17.0, 16.0, 17.0, 17.0, 15.0, 16.0, 16.0, 16.0, 14.0, 14.0, 15.0, 15.0, 15.0, 14.0, 14.0, 14.0, 15.0, 15.0, 14.0, 16.0, 16.0, 15.5, 17.5, 16.0, 16.0, 16.0, 17.0, 17.0, 16.0, 16.0, 16.0, 15.0, 16.0, 16.0, 16.0, 16.0, 16.0, 15.0, 16.0, 16.0, 16.0, 16.0, 16.0, 16.0, 16.0, 16.0, 16.0, 15.0, 15.5, 16.0, 16.0, 14.0, 16.0, 16.0, 16.0, 15.0, 16.0, 14.5, 16.0, 15.5, 15.0, 16.0, 16.0, 16.0, 15.5, 16.0, 16.0, 17.0, 16.0, 16.0, 15.5, 17.0, 16.0, 17.0, 16.0, 16.0, 17.0, 17.0, 16.5, 17.0, 17.0, 16.5, 16.5, 16.5, 17.0, 16.5, 16.0, 16.0, 15.0, 15.0, 16.0, 16.0, 16.0, 16.0, 16.0, 16.0, 16.0, 16.0, 17.0, 16.0, 15.0, 16.0, 15.0, 16.0, 16.0, 16.0, 16.0, 16.0, 16.0, 15.0, 16.0, 16.0, 15.0, 15.0, 16.0, 16.0, 16.0, 17.0, 16.0, 16.0, 15.0, 16.0, 15.0, 16.0, 16.0, 15.5, 16.0, 16.0, 17.0, 16.0, 17.0, 17.0, 16.0, 16.0, 16.0, 15.5, 15.0, 16.0, 16.0, 16.0, 16.0, 15.5, 16.0, 15.0, 16.0, 16.0, 16.0, 16.0, 17.0, 16.0, 16.0, 17.0, 17.5, 17.0, 18.0, 17.0, 18.0, 18.0, 18.0, 17.0, 18.5, 16.0, 16.5, 17.0, 16.0, 18.0, 18.5, 18.0, 17.0, 16.0, 15.0, 15.0, 15.5, 16.0, 16.0, 17.0, 17.5, 16.5, 16.0, 15.0, 16.0, 15.0, 15.0, 15.0, 16.0, 16.0, 16.0, 16.0, 17.0, 16.0, 17.0, 15.5, 16.0, 15.0, 14.0, 16.5, 16.0, 16.0, 17.0, 16.0, 15.0, 16.0, 16.0, 16.0, 15.0, 15.0, 16.0, 15.0, 16.0, 15.0, 16.0, 17.0, 17.5, 16.0, 17.0, 16.0, 17.0, 18.0, 17.0, 18.0, 17.0, 16.5, 16.0, 15.0, 14.0, 14.0, 15.0, 16.0, 15.5, 14.0, 15.5, 16.0, 16.0, 16.0, 16.0, 15.5, 16.0, 16.0, 17.0, 17.0, 17.0, 17.0, 16.0, 16.0, 16.0, 16.0, 16.0, 16.0, 16.0, 16.0, 16.0, 16.0, 16.0, 14.0, 15.0, 15.0, 15.0, 15.0, 15.0, 16.0, 16.0, 15.0, 15.0, 15.0, 16.0, 16.0, 15.5, 16.0, 16.0, 16.0, 16.0, 15.0, 15.5, 16.0, 17.0, 16.5, 18.0, 17.0, 18.0, 17.5, 16.0, 15.0, 15.5, 15.0, 15.0, 16.0, 15.0, 16.0, 16.0, 16.0, 14.5, 16.0, 17.0, 15.0, 14.0, 14.0, 15.0, 15.0, 15.0, 15.0, 16.0, 16.0, 16.5, 15.0, 15.0, 14.0, 16.0, 16.5, 16.5, 16.0, 16.0, 16.0, 16.0, 16.0, 15.5, 15.0, 15.5, 15.0, 15.0, 15.0, 16.0, 17.0, 16.0, 18.0, 16.0, 16.0, 16.0, 15.0, 14.0, 16.0, 15.0, 15.0, 15.5, 16.0, 15.0, 15.0, 14.0, 16.0, 16.0, 16.0, 16.0, 16.0, 17.0, 17.0, 16.0, 15.0, 13.0, 14.0, 15.5, 15.0, 15.0, 15.0, 15.5, 14.0, 15.0, 15.5, 16.0, 14.0, 14.0, 13.5, 14.5, 14.0, 15.0, 13.0, 14.0, 14.0, 15.0, 14.0, 15.0, 14.0, 14.0]
[50.0, 44.0, 40.0, 37.0, 33.0, 29.0, 27.0, 25.0, 22.0, 22.0, 21.0, 20.0, 20.0, 18.5, 19.0, 19.0, 18.0, 18.0, 17.0, 16.0, 16.0, 17.0, 17.0, 16.0, 14.0, 15.0, 14.0, 13.5]
[51.5, 44.0, 40.0, 36.5, 34.0, 31.0, 31.0, 28.0, 27.0, 24.0, 24.0, 23.0, 22.5, 22.0, 22.0, 19.0, 19.0, 19.0, 19.0, 18.0, 19.0, 18.0, 17.0, 19.0, 18.0, 18.0, 16.0, 15.0, 15.0, 15.0, 14.5, 15.0, 16.0, 15.0, 14.0, 15.0, 16.0, 14.0, 15.0, 14.0, 13.0, 14.5, 14.0, 15.0, 14.0, 14.0, 14.0, 15.0, 15.0, 14.0, 14.0, 14.0, 15.0, 13.0, 14.0, 14.0, 14.0, 14.0, 13.0, 14.0, 14.0, 14.0, 13.0, 14.0, 14.0, 14.0, 15.5, 14.0, 14.0, 15.0, 14.0, 16.0, 14.0, 13.0, 15.0, 14.0, 14.0, 15.0, 14.0, 14.0, 14.0, 14.0, 14.0, 14.0, 14.0, 14.0, 15.0, 14.0, 14.0, 14.0, 14.0, 14.0, 14.0, 14.0, 15.0, 16.0, 17.0, 17.0, 18.0, 16.0, 16.0, 15.0, 16.0, 16.0, 14.5, 14.0, 14.0, 14.0, 14.0, 13.0, 14.0, 14.0, 14.0, 13.0, 14.0, 14.0, 14.0, 14.0, 15.0, 15.0, 14.0, 15.0, 15.0, 15.0, 14.0, 14.0, 15.0, 14.0, 14.0, 13.0, 14.0, 14.0, 14.0, 13.5, 13.0, 14.0, 14.0, 14.0, 15.0, 14.0, 13.5, 13.0, 13.0, 14.0, 14.0, 14.0, 15.0, 15.0, 14.0, 14.0, 14.0, 12.5, 14.0, 13.0, 13.0, 13.0, 14.0, 14.0, 14.0, 13.0, 14.0, 14.0, 14.0, 14.5, 14.0, 15.5, 15.0, 15.0, 16.0, 15.0, 16.0, 16.0, 15.0, 15.5, 14.0, 14.0, 14.0, 15.0, 14.5, 14.0, 14.0, 14.0, 15.5, 14.0, 14.5, 14.5, 13.5, 14.0, 13.0, 13.5, 13.0, 14.0, 13.0, 14.0, 14.0, 13.0, 14.0, 14.0, 14.0, 14.0, 14.0, 15.0, 14.0, 14.0, 13.0]
[51.0, 44.0, 38.0, 36.0, 32.0, 29.0, 27.0, 24.0, 23.0, 22.0, 21.0, 20.0, 18.0, 19.0, 19.0, 19.0, 18.0, 17.0, 18.0, 17.0, 17.0, 18.0, 17.0, 16.0, 16.0, 16.0, 16.0, 16.0, 15.0, 16.0, 15.0, 14.0, 15.0, 16.0, 16.0, 16.5, 16.0, 17.0, 16.0, 17.0, 17.5, 17.0, 17.0, 16.0, 14.0, 16.0, 17.5, 17.0, 16.0, 17.0, 16.0, 16.0, 16.0, 16.5, 15.0, 16.0, 15.0, 16.0, 16.0, 16.5, 17.0, 17.0, 16.0, 14.0, 16.0, 17.0, 15.0, 16.0, 16.0, 17.0, 18.0, 17.5, 17.0, 17.0, 17.0, 15.0, 16.0, 16.0, 17.0, 17.0, 16.0, 16.0, 18.0, 16.0, 15.0, 16.0, 14.0, 16.0, 16.0, 16.0, 16.0, 16.0, 16.0, 14.0, 16.0, 16.0, 15.0, 15.0, 14.0, 14.0, 14.0, 15.0, 16.0, 16.5, 16.0, 16.0, 18.0, 16.0, 16.0, 17.0, 16.0, 18.0, 18.0, 18.0, 17.0, 18.0, 18.0, 16.0, 14.0, 14.0, 14.0, 14.0, 16.0, 16.0, 16.0, 16.0, 16.0, 16.5, 16.0, 16.0, 16.0, 16.0, 16.0, 16.0, 17.0, 16.0, 16.0, 16.0, 15.0, 14.5, 14.0, 15.0, 15.0, 16.0, 17.0, 16.0, 16.0, 17.0, 18.0, 17.0, 16.0, 16.0, 16.0, 16.5, 17.0, 15.0, 16.0, 16.0, 16.0, 16.0, 16.0, 16.0, 16.0, 16.0, 16.0, 15.0, 15.0, 14.0, 14.0, 16.0, 13.0, 15.0, 14.0, 13.0, 13.0, 14.0, 14.0, 14.0, 14.0, 14.5, 14.0, 15.0, 15.0, 16.0, 16.0, 14.0, 15.0, 15.0, 15.0, 14.0, 14.0, 16.0, 16.0, 16.0, 14.0, 14.0, 14.0, 14.0]
[50.0, 43.0, 38.0, 34.0, 29.0, 28.0, 26.0, 26.0, 25.0, 25.0, 24.0, 24.0, 22.0, 21.5, 21.0, 21.0, 21.0, 19.0, 20.0, 21.0, 19.0, 19.0, 19.0, 18.0, 19.0, 20.0, 20.0, 20.0, 21.0, 20.0, 18.0, 19.0, 17.0, 18.0, 16.0, 15.0, 15.0, 15.0, 15.0, 14.0, 14.0, 15.5, 15.0, 15.0, 15.0, 15.5, 16.0, 16.0, 15.0, 15.0, 15.0, 14.0, 14.5, 15.0, 15.0, 16.0, 15.0, 15.0]
[51.0, 45.0, 41.0, 38.0, 35.0, 32.0, 29.0, 28.0, 27.0, 24.5, 25.5, 24.0, 22.0, 21.0, 21.0, 20.0, 20.0, 20.0, 20.0, 20.0, 19.0, 18.0, 18.0, 19.0, 16.0, 16.5, 17.0, 16.5, 17.0, 17.0, 17.0, 17.0, 16.0, 15.0, 15.0, 15.0, 15.0, 15.5, 15.0, 16.0, 17.0, 16.0, 14.5, 15.0, 15.0, 15.0, 16.0, 15.0, 16.0, 16.0, 16.5, 14.0, 15.0, 16.0, 16.0, 17.0, 16.0, 16.0, 17.0, 17.0, 16.0, 16.0, 17.0, 18.0, 17.0, 17.0, 16.0, 17.0, 17.0, 18.0, 17.0, 17.0, 18.0, 17.0, 17.0, 16.0, 17.0, 17.0, 16.0, 17.0, 16.0, 17.0, 17.0, 16.0, 17.0, 18.0, 17.0, 17.0, 16.0, 17.0, 18.0, 17.0, 17.0, 16.0, 15.0, 15.0, 14.0, 14.0, 15.0, 14.0, 14.0, 16.0, 15.0, 14.0, 16.0, 14.0, 14.0, 14.0, 14.0, 14.0, 14.0, 14.0, 16.0, 16.0, 16.0, 16.0, 16.0, 15.5, 15.0, 16.0, 16.0, 17.0, 15.0, 15.0, 15.5, 16.0, 16.0, 17.0, 17.0, 15.0, 17.0, 17.0, 16.0, 16.0, 15.0, 14.0, 14.0, 14.5, 15.0, 14.0, 16.0, 15.0, 14.0, 14.0, 14.0, 15.0, 15.0, 15.0, 15.5, 16.0, 16.0, 16.0, 15.0, 15.0, 14.0, 14.0, 12.0, 14.0, 14.0]
[51.0, 44.0, 40.0, 36.0, 34.0, 31.0, 27.0, 23.0, 21.0, 20.0, 19.0, 19.0, 17.5, 18.0, 19.0, 18.0, 17.0, 18.0, 17.0, 17.0, 16.0, 17.5, 16.0, 16.0, 15.0, 15.0, 15.5, 14.0, 13.5, 14.0, 14.0, 14.0, 14.0, 15.0, 16.0, 15.0, 14.5, 15.0, 14.0, 15.0, 14.0, 13.0, 14.0, 13.0]
[51.0, 43.0, 37.0, 32.0, 29.5, 27.0, 25.0, 23.0, 21.0, 19.0, 19.0, 17.0, 17.0, 18.0, 18.0, 18.0, 18.0, 18.0, 18.0, 19.0, 18.0, 17.0, 19.0, 18.0, 17.0, 16.0, 16.0, 17.0, 18.0, 17.0, 16.0, 16.0, 17.0, 16.0, 16.0, 16.0, 15.0, 14.0, 14.0, 14.0, 14.0, 16.0, 16.0, 16.0, 16.0, 16.0, 14.0, 15.0, 13.5, 14.0, 14.0, 14.0, 13.0, 14.0, 14.0, 14.0, 14.0, 14.0, 15.0, 14.0, 14.0, 14.0]
[51.0, 43.0, 40.0, 36.0, 33.0, 31.0, 28.0, 26.0, 24.0, 22.0, 21.0, 20.0, 18.5, 18.0, 18.5, 19.0, 17.0, 17.5, 17.0, 18.0, 19.0, 18.0, 17.0, 17.5, 17.0, 18.0, 18.0, 18.0, 17.0, 17.0, 17.5, 18.0, 16.0, 17.0, 16.0, 16.0, 15.0, 16.0, 15.0, 16.0, 16.0, 14.5, 15.0, 15.0, 15.0, 15.0, 16.0, 16.0, 14.5, 16.0, 16.0, 14.0, 13.5, 14.0, 14.0, 12.5, 14.0, 15.0, 15.0]
[52.0, 44.0, 39.0, 35.0, 32.0, 30.5, 28.0, 26.0, 24.0, 24.0, 24.0, 23.0, 21.0, 20.0, 19.0, 20.0, 18.0, 17.0, 17.0, 17.0, 17.0, 16.0, 17.5, 17.0, 16.0, 18.0, 16.0, 16.0, 15.0, 18.0, 17.0, 16.0, 17.0, 16.5, 16.0, 15.0, 16.0, 16.0, 16.0, 16.0, 16.0, 16.0, 17.0, 18.0, 18.0, 17.0, 18.0, 18.0, 18.0, 16.0, 16.0, 16.0, 16.5, 17.0, 16.0, 16.0, 16.0, 16.0, 16.0, 16.0, 16.0, 15.0, 15.0, 14.0, 14.0, 15.0, 15.0, 14.0, 14.0, 16.0, 15.0, 16.0, 15.0, 15.0, 16.0, 16.0, 16.0, 17.0, 15.0, 14.0, 15.0, 14.0, 14.0, 14.0, 14.0, 14.0, 14.0, 14.0, 15.0, 14.0, 12.5, 14.0]
[50.0, 42.0, 39.0, 35.0, 33.0, 31.0, 30.0, 29.0, 26.0, 25.0, 24.0, 23.0, 21.0, 19.5, 19.0, 18.0, 19.0, 17.0, 17.0, 16.0, 17.0, 17.0, 18.0, 18.0, 18.0, 17.0, 17.0, 17.0, 17.0, 16.5, 16.0, 15.0, 17.0, 16.0, 17.0, 15.0, 17.0, 16.0, 16.0, 14.0, 15.0, 15.0, 16.0, 16.0, 16.0, 16.0, 15.0, 14.0, 15.0, 15.0, 14.0, 15.5, 16.5, 16.0, 15.0, 15.0, 15.0, 15.0, 15.5, 15.0, 15.0, 15.0, 15.0, 14.0, 15.0, 15.0, 14.0, 15.0, 14.0, 16.0, 16.0, 16.0, 15.0, 15.0, 16.0, 15.0, 16.0, 14.0, 16.0, 16.0, 14.0, 14.0, 14.0, 13.0]
[51.0, 44.0, 39.0, 34.5, 32.0, 29.0, 27.0, 25.0, 24.0, 23.0, 22.0, 19.0, 19.0, 19.0, 19.0, 19.0, 19.0, 19.0, 18.0, 17.0, 18.0, 18.0, 17.0, 17.0, 16.0, 16.0, 16.0, 17.0, 16.0, 14.0, 14.0, 14.0, 14.0, 14.0, 16.0, 14.0, 13.0, 14.0, 13.5, 13.0]
[50.0, 43.0, 35.0, 33.0, 31.0, 31.0, 29.0, 28.0, 27.0, 24.0, 23.0, 20.0, 20.0, 20.0, 19.0, 20.0, 20.0, 20.0, 19.0, 19.0, 18.0, 17.0, 17.0, 17.0, 17.0, 15.0, 16.0, 17.0, 17.0, 16.0, 16.0, 17.0, 16.0, 16.0, 16.0, 16.0, 16.0, 16.0, 16.0, 17.0, 17.0, 16.0, 17.0, 16.0, 16.0, 17.0, 16.0, 15.0, 14.0, 16.0, 15.0, 16.0, 16.0, 15.5, 16.0, 14.0, 16.0, 16.0, 16.0, 14.0, 14.0, 14.0, 14.0, 14.0, 16.0, 14.0]
[51.0, 44.0, 38.0, 34.0, 31.0, 28.0, 27.0, 26.0, 25.0, 23.5, 24.0, 22.0, 21.0, 21.0, 20.0, 20.0, 19.0, 18.0, 18.0, 18.0, 18.0, 18.0, 18.0, 17.0, 16.0, 16.0, 15.5, 16.0, 16.0, 15.0, 15.5, 15.0, 14.0, 14.0, 14.0, 14.0, 14.0, 13.0]
[51.0, 44.0, 39.0, 36.0, 34.0, 30.0, 28.0, 24.0, 24.0, 22.0, 21.0, 21.0, 20.0, 19.5, 19.0, 19.0, 20.0, 19.0, 18.5, 18.0, 18.0, 17.5, 17.0, 18.0, 16.0, 17.0, 17.0, 16.0, 16.0, 14.0, 16.0, 16.0, 16.0, 15.5, 15.0, 15.0, 16.0, 18.0, 16.0, 17.0, 16.0, 16.0, 15.0, 14.5, 15.0, 14.0, 12.0, 13.5, 15.0, 14.0, 14.0, 14.0, 14.0, 14.0, 14.0, 15.0]
[50.0, 41.0, 37.0, 34.0, 30.0, 29.0, 28.0, 26.0, 25.5, 24.0, 23.5, 22.0, 22.0, 21.0, 20.0, 20.0, 19.0, 19.0, 18.5, 19.0, 19.0, 18.0, 18.0, 17.0, 18.0, 18.0, 18.0, 17.0, 17.0, 17.5, 16.0, 17.0, 16.0, 17.0, 16.0, 16.0, 16.0, 16.0, 16.0, 14.0, 14.0, 16.0, 15.0, 15.0, 14.0, 15.0, 14.0, 14.0, 13.0, 15.0, 14.0, 14.0]
[51.0, 44.0, 39.0, 34.0, 31.0, 29.0, 27.0, 26.0, 24.0, 22.5, 21.0, 21.0, 20.0, 21.0, 19.0, 18.0, 17.0, 16.0, 16.0, 16.0, 16.0, 16.0, 16.0, 16.5, 15.5, 14.0, 15.0, 16.0, 16.0, 16.0, 16.0, 15.0, 16.0, 17.5, 18.0, 16.0, 18.0, 17.0, 17.0, 16.0, 16.0, 17.0, 17.0, 17.0, 17.0, 15.0, 15.0, 14.0, 15.0, 16.0, 16.0, 14.0, 14.0, 14.5, 15.0, 16.0, 16.0, 15.0, 16.0, 14.0, 15.0, 16.0, 16.0, 15.0, 16.0, 16.0, 16.0, 17.0, 17.0, 17.0, 17.0, 18.0, 17.0, 17.0, 17.0, 17.0, 16.0, 16.0, 16.0, 14.0, 15.0, 17.0, 17.0, 17.0, 17.0, 18.0, 16.5, 16.0, 16.0, 16.0, 16.0, 14.0, 14.0, 15.5, 16.0, 16.0, 15.0, 16.0, 16.0, 16.0, 15.0, 15.0, 15.0, 16.5, 16.0, 14.0, 15.0, 16.0, 16.0, 17.0, 16.0, 16.0, 16.0, 14.0, 14.0, 14.0, 14.0, 13.0, 14.0, 12.5, 12.5, 13.0, 14.0, 14.0, 14.0, 14.0, 16.0, 16.0, 16.0, 16.0, 15.5, 16.0, 14.0, 14.0, 15.5, 14.0, 13.0, 14.0, 14.0, 14.0, 14.0]
[51.0, 42.0, 37.0, 31.0, 29.0, 27.5, 25.0, 24.0, 22.0, 21.0, 21.0, 22.0, 20.0, 19.0, 18.0, 17.0, 17.0, 17.0, 15.0, 16.5, 16.0, 16.0, 15.5, 15.0, 14.0, 14.0, 13.0, 14.0, 14.0, 13.5, 14.5, 14.0, 14.0, 14.0, 14.0, 14.0, 14.0, 14.0, 12.0, 12.0, 13.0, 14.0, 14.0, 14.0, 14.0, 14.0, 14.0, 14.0]
[50.0, 44.0, 39.0, 37.0, 33.0, 29.5, 27.0, 27.0, 26.0, 25.5, 23.0, 23.0, 23.0, 23.0, 22.0, 21.0, 21.0, 20.0, 20.0, 20.0, 18.0, 18.0, 16.0, 16.5, 15.0, 14.0, 14.0, 14.0, 14.0, 13.0, 14.0, 15.0, 14.0, 15.0]
[50.5, 44.0, 40.0, 36.0, 33.0, 28.0, 26.0, 24.0, 22.0, 20.0, 20.0, 19.0, 18.0, 18.0, 17.0, 14.5, 15.0, 15.0, 16.0, 16.0, 16.0, 15.0, 15.0, 14.0, 14.0, 14.0, 14.0, 15.0, 15.5, 15.5, 14.0, 15.5, 14.0, 14.0, 14.0, 14.0, 15.0, 14.0]
[50.0, 43.0, 39.0, 36.0, 31.5, 28.0, 26.0, 23.0, 21.0, 19.0, 18.0, 17.0, 16.0, 15.0, 15.0, 15.0, 14.0, 14.0, 14.0, 14.0, 13.0, 14.0, 14.0, 14.0, 13.0, 14.0, 16.0, 14.0, 15.0, 16.0, 15.0, 14.0, 14.0, 12.0, 13.0]
[51.0, 43.0, 37.0, 34.0, 30.0, 29.0, 26.0, 24.0, 23.0, 22.0, 23.0, 23.0, 22.0, 20.0, 20.0, 19.0, 18.0, 18.0, 18.0, 17.0, 17.0, 17.0, 17.0, 17.0, 16.0, 16.0, 16.0, 16.0, 16.0, 17.0, 17.0, 15.0, 15.0, 16.0, 15.5, 16.0, 15.5, 15.0, 16.0, 15.0, 16.0, 16.0, 16.0, 16.0, 17.0, 16.0, 16.0, 16.5, 16.0, 15.0, 15.5, 15.0, 15.0, 16.0, 15.0, 13.0, 14.0, 16.0, 16.0, 14.0, 15.0, 15.0, 15.0, 15.0, 16.5, 17.0, 17.5, 18.0, 17.0, 16.0, 16.0, 14.5, 15.0, 14.5, 14.0, 15.0, 15.0, 14.0, 15.0, 16.0, 14.0, 14.0, 14.0, 15.0, 16.0, 16.0, 14.0, 14.0, 14.0, 15.0, 15.0, 17.0, 17.0, 15.5, 15.0, 16.0, 16.0, 15.0, 16.0, 17.0, 17.0, 16.5, 16.0, 14.0, 14.5, 16.0, 14.0, 15.0, 16.0, 16.0, 17.0, 15.0, 14.0, 15.0, 14.0, 14.0, 14.0]
[50.5, 44.0, 39.0, 36.0, 33.0, 31.0, 29.0, 27.0, 25.0, 25.0, 23.0, 21.0, 20.0, 20.0, 20.0, 18.0, 18.0, 17.0, 17.0, 16.0, 17.0, 17.5, 16.5, 16.0, 15.0, 15.0, 14.5, 14.0, 14.5, 14.0, 15.0, 15.0, 14.0, 14.0]
[50.0, 42.0, 37.0, 32.0, 29.0, 25.0, 24.0, 24.0, 21.0, 21.0, 21.0, 20.0, 20.0, 18.0, 18.0, 18.0, 18.0, 18.0, 16.5, 16.0, 17.0, 17.0, 16.5, 17.0, 17.0, 16.0, 17.0, 16.0, 16.0, 16.0, 16.0, 16.0, 16.0, 16.0, 15.0, 16.0, 15.0, 16.0, 15.0, 16.0, 16.0, 17.0, 16.0, 16.0, 15.5, 18.0, 16.0, 18.0, 16.5, 16.0, 16.0, 15.0, 15.0, 15.0, 16.0, 16.0, 15.0, 15.0, 15.0, 15.0, 16.0, 16.0, 17.0, 16.0, 16.0, 16.0, 16.0, 16.0, 16.0, 16.0, 16.0, 17.0, 16.0, 14.0, 16.0, 14.0, 15.0, 15.5, 14.0, 14.0, 14.0, 12.5, 14.0, 15.0, 15.0, 16.0, 16.0, 16.0, 16.0, 16.0, 16.0, 15.0, 17.0, 15.0, 14.0, 14.0, 14.0, 14.0, 14.0, 14.5, 14.0, 15.0, 15.0, 14.0, 14.0, 13.0, 12.5, 13.0, 13.0, 14.0, 15.0, 16.0, 15.0, 14.0, 14.0, 14.0, 14.0, 16.0, 14.0, 16.0, 16.0, 14.0, 15.0, 16.0, 15.5, 15.0, 14.0, 14.0, 14.0]
[50.0, 43.0, 37.0, 35.0, 30.0, 28.0, 26.0, 26.0, 25.0, 22.0, 22.0, 21.0, 20.0, 18.5, 19.0, 18.0, 18.0, 17.5, 18.0, 18.0, 18.0, 18.0, 18.0, 18.0, 18.0, 19.0, 18.0, 18.0, 18.0, 18.0, 17.0, 17.0, 17.0, 17.0, 17.0, 17.0, 17.0, 16.0, 16.5, 15.5, 15.0, 14.0, 14.0, 14.5, 15.0, 14.0, 12.5, 14.0, 14.0, 13.0, 14.0, 14.0, 14.0, 14.0, 12.5, 13.0, 14.0, 13.0, 13.0, 13.0, 12.0]
[51.0, 43.0, 38.0, 35.5, 32.0, 31.0, 29.0, 27.0, 26.0, 24.0, 24.0, 23.0, 22.0, 22.0, 22.0, 21.0, 19.0, 19.0, 18.0, 18.0, 17.0, 16.0, 16.0, 17.0, 15.0, 15.0, 16.0, 15.0, 15.0, 15.0, 14.5, 15.0, 14.0, 15.5, 15.0, 16.0, 14.0, 14.0, 14.0, 15.0, 15.0, 16.0, 17.0, 15.5, 16.0, 15.0, 17.0, 15.0, 16.0, 16.0, 16.0, 15.0, 14.0, 15.0, 14.0, 14.0, 14.0, 14.0]
[50.0, 42.5, 38.0, 34.0, 30.0, 28.0, 26.0, 25.0, 22.5, 22.0, 21.5, 22.0, 22.0, 21.0, 20.5, 20.0, 20.0, 19.0, 18.5, 18.0, 19.0, 19.0, 19.0, 18.0, 18.0, 18.0, 18.0, 18.5, 18.5, 17.0, 17.5, 18.0, 18.0, 19.0, 18.0, 17.0, 16.0, 14.0, 14.5, 14.0, 14.0]
[50.0, 43.0, 38.5, 35.0, 32.0, 30.0, 28.0, 27.0, 27.0, 24.5, 23.0, 22.0, 22.0, 22.0, 23.0, 21.0, 21.0, 20.0, 18.0, 17.0, 17.0, 18.0, 17.0, 17.0, 15.0, 15.0, 14.5, 15.0, 14.0, 16.0, 15.5, 16.0, 16.0, 15.0, 17.0, 15.0, 14.0, 14.0, 15.0, 14.0, 16.0, 14.0, 12.5, 14.0, 14.0, 14.0, 16.0, 15.0, 16.0, 14.0, 14.0, 15.0, 13.0, 14.0, 14.0, 14.5, 14.0]
[52.0, 43.5, 39.0, 36.0, 33.0, 30.0, 29.0, 28.0, 27.0, 24.0, 22.0, 22.5, 22.0, 21.0, 20.0, 19.0, 17.0, 17.0, 18.0, 17.0, 16.0, 15.5, 15.0, 14.0, 15.0, 15.0, 15.0, 16.0, 16.0, 16.0, 16.0, 16.0, 16.0, 17.0, 16.0, 16.0, 17.0, 17.0, 17.0, 17.0, 15.0, 16.0, 13.0, 14.0, 15.0, 15.0, 16.0, 14.0, 16.0, 15.0, 16.0, 16.0, 17.5, 16.0, 16.0, 17.0, 16.0, 16.0, 15.0, 14.5, 16.0, 16.0, 14.0, 15.0, 15.0, 15.0, 15.0, 15.0, 15.0, 14.0, 16.0, 16.0, 16.0, 16.0, 15.0, 15.0, 14.0, 14.5, 14.0, 15.0, 15.0, 15.0, 16.0, 15.0, 15.0, 15.0, 14.0, 14.0, 14.0, 14.0, 14.0, 15.0, 14.0]
[50.0, 42.0, 38.0, 34.0, 30.0, 27.0, 26.0, 24.0, 22.0, 21.0, 20.0, 19.0, 19.0, 19.0, 19.0, 18.0, 18.0, 19.0, 19.0, 18.0, 19.0, 18.0, 18.0, 18.0, 18.0, 18.0, 17.0, 17.0, 17.0, 17.0, 17.0, 16.0, 16.0, 17.0, 17.5, 16.0, 16.0, 16.0, 17.0, 17.0, 17.0, 16.0, 16.0, 16.0, 16.0, 15.5, 15.0, 17.0, 17.0, 17.0, 17.0, 17.5, 16.0, 17.0, 15.0, 15.0, 15.0, 14.0, 14.0, 15.0, 14.0, 14.0, 14.0, 15.0, 15.0, 15.5, 14.0, 14.0, 14.0, 13.0, 12.0, 14.0, 15.0, 16.0, 15.0, 15.0, 16.0, 16.0, 14.0, 14.0, 14.0, 14.0, 14.0, 13.0, 14.0, 15.0, 15.0, 14.0, 15.0, 14.0, 14.0, 14.0, 14.0, 14.0, 16.0, 14.0, 15.0, 15.0, 14.0, 13.5, 13.0, 14.0, 13.0, 13.0, 15.0, 14.0, 14.0, 14.5, 15.0, 16.0, 15.0, 16.0, 15.0, 16.0, 15.5, 14.0, 12.5, 14.0, 14.0, 14.0, 14.0, 13.0, 14.0, 14.0, 13.0, 14.0, 14.0, 15.0, 14.5, 15.0, 14.0, 14.0, 14.0, 14.0, 14.0, 15.0, 14.0, 15.0, 16.0, 16.0, 15.0, 15.0, 14.0, 16.0, 16.0, 16.0, 15.0, 15.5, 14.5, 15.0, 15.0, 13.0, 14.0, 13.0, 15.5, 15.0, 16.0, 15.0, 14.5, 16.0, 16.0, 14.0, 15.0, 13.5, 14.0, 14.0, 14.0, 13.0, 14.0, 14.0, 13.0, 14.0, 13.0]
[50.0, 45.0, 39.0, 35.0, 31.0, 28.0, 25.0, 24.0, 23.0, 21.0, 21.0, 20.0, 20.5, 19.0, 19.0, 18.0, 17.0, 16.5, 18.0, 16.0, 16.0, 17.0, 18.0, 17.5, 15.0, 15.0, 14.5, 14.0, 16.0, 16.0, 16.0, 16.5, 16.0, 17.0, 16.5, 16.0, 15.5, 14.5, 15.0, 14.0, 14.0, 14.5, 16.0, 16.0, 14.0, 15.0, 16.0, 14.5, 16.0, 14.5, 16.0, 15.0, 14.0, 14.0, 13.5, 14.0, 14.0, 14.0, 16.0, 16.0, 16.0, 14.0, 14.0, 15.0, 14.0, 14.0, 14.0, 14.0, 13.0, 13.0, 12.0, 12.5]
[50.5, 44.0, 39.0, 35.0, 30.0, 26.5, 24.0, 20.5, 19.0, 17.0, 16.0, 17.0, 18.0, 18.0, 17.0, 17.0, 19.0, 18.0, 18.0, 16.0, 16.0]
[50.0, 42.0, 35.0, 32.0, 29.0, 26.0, 23.5, 23.5, 22.0, 22.0, 23.0, 22.5, 22.0, 22.0, 21.0, 21.0, 20.0, 18.0, 18.0, 17.0, 17.0, 17.0, 16.0, 16.0, 16.0, 15.0, 14.0, 13.5, 14.0, 14.0, 13.0, 12.5, 12.0, 14.0, 13.0, 13.0, 14.0, 14.5, 15.0, 15.0, 14.5, 15.0, 14.0, 14.0, 13.0, 13.0, 14.5, 13.0, 14.0, 14.0, 14.0, 14.0, 14.0, 14.0, 13.5, 15.0, 13.0, 14.0, 14.0, 14.0, 13.0, 13.0, 12.5, 13.0]
[50.0, 43.0, 37.0, 33.0, 30.0, 27.0, 26.0, 25.0, 22.0, 21.0, 19.0, 17.0, 15.0, 15.0, 15.0, 15.0, 15.0, 14.0, 14.0, 15.0, 14.0, 15.0, 15.0, 13.0, 13.0, 13.0, 14.0, 14.5, 13.0, 15.0, 15.0, 15.0, 15.0, 15.0, 13.0, 14.0, 14.5, 14.0, 14.0, 14.0, 15.0, 14.0, 14.0, 14.0, 14.0, 13.0, 14.0, 12.0, 12.0]
[49.0, 43.0, 37.0, 32.0, 27.0, 24.0, 22.0, 21.0, 21.0, 19.0, 19.0, 19.0, 19.0, 18.5, 18.0, 18.0, 18.0, 18.0, 17.0, 17.0, 17.0, 17.0, 17.0, 18.0, 19.0, 18.0, 18.0, 17.0, 17.0, 17.0, 17.0, 16.0, 15.0, 15.0, 15.0, 16.0, 16.0, 16.0, 16.0, 17.0, 17.0, 17.0, 17.0, 17.0, 16.0, 17.0, 16.5, 17.0, 16.0, 16.5, 17.5, 17.0, 17.0, 16.0, 16.0, 15.0, 14.0, 14.0, 13.0, 14.0, 14.0, 14.0, 14.0, 16.0, 15.0, 16.0, 16.0, 15.0, 15.0, 15.0, 15.0, 15.0, 15.0, 14.0, 15.0, 15.0, 14.0, 14.0, 14.0, 12.5, 12.0, 14.0, 14.0, 13.0, 14.0, 14.0, 14.0, 14.0, 14.0, 14.0, 15.0, 14.0, 12.0, 12.0, 14.0, 14.0, 15.0, 14.0, 14.0]
[50.0, 42.0, 37.0, 34.0, 32.0, 30.0, 27.0, 26.0, 26.5, 25.0, 23.0, 23.0, 21.5, 21.0, 22.0, 21.0, 20.0, 20.0, 20.5, 21.0, 20.0, 19.0, 19.0, 18.0, 19.0, 18.0, 18.0, 17.0, 17.0, 17.0, 17.0, 18.0, 17.0, 17.0, 16.0, 17.0, 17.0, 17.0, 18.0, 18.0, 16.0, 15.5, 14.0, 14.0, 14.0, 14.0, 14.0, 13.0, 13.0, 12.0, 12.0, 12.0, 13.0, 14.0, 14.0, 14.0, 14.0, 14.0, 14.0, 14.0, 13.0, 14.0, 13.0, 12.0, 14.0, 14.0, 12.0, 13.0, 14.0]
[50.5, 43.0, 38.0, 34.0, 32.0, 29.0, 26.0, 25.0, 24.0, 22.5, 22.0, 21.0, 20.0, 19.0, 17.0, 15.0, 16.0, 16.0, 16.5, 17.0, 16.0, 15.0, 16.0, 15.0, 16.0, 16.0, 14.0, 14.0, 14.0, 14.0, 14.0, 14.0, 15.0, 12.0, 13.0, 14.0, 14.0, 14.0, 14.0, 14.0, 13.0, 13.0, 13.0, 13.0, 14.0, 14.0, 14.0, 14.0, 13.0, 14.0, 14.0, 14.0, 14.5, 15.0, 15.0, 16.0, 14.0, 14.0, 14.0, 15.0, 14.0, 14.0, 14.0]
[50.5, 41.0, 36.0, 32.0, 28.0, 28.0, 25.0, 24.0, 22.0, 22.0, 22.0, 20.0, 21.0, 20.0, 20.0, 19.0, 19.0, 20.0, 20.0, 18.0, 18.0, 18.5, 17.0, 16.0, 17.0, 17.0, 16.0, 16.0, 17.0, 17.0, 17.0, 17.0, 16.0, 16.0, 16.0, 15.0, 17.0, 17.0, 18.0, 16.0, 16.5, 16.0, 17.0, 16.0, 15.0, 16.0, 15.0, 15.5, 14.0, 14.0, 13.0, 13.0, 14.0, 13.0, 12.5, 12.5, 13.0, 13.0, 14.0, 13.0, 15.0, 14.0, 15.0, 14.0, 13.0, 13.0, 13.0, 13.0, 13.0, 14.0, 13.0, 13.0, 13.0, 12.0, 12.0, 14.0]
[50.0, 43.0, 38.0, 34.0, 31.0, 29.0, 26.0, 24.0, 22.0, 20.0, 18.5, 17.0, 17.0, 16.0, 17.0, 16.0, 17.0, 18.0, 16.0, 14.5, 14.0, 14.0, 16.0, 15.0, 15.0, 15.5, 15.0]
[51.0, 43.0, 36.0, 33.0, 29.0, 24.0, 22.0, 21.5, 21.0, 20.5, 20.0, 20.0, 19.0, 19.0, 19.0, 18.0, 18.0, 17.0, 16.0, 17.0, 16.0, 16.0, 17.0, 18.0, 17.0, 15.5, 16.0, 17.0, 15.0, 15.0, 16.0, 17.0, 16.0, 16.0, 17.0, 17.5, 16.5, 16.0, 16.0, 16.0, 16.0, 18.0, 17.0, 18.0, 18.0, 17.0, 16.0, 15.0, 16.0, 14.0, 14.0, 14.0, 14.0, 14.0, 14.0, 14.0, 14.0, 15.0, 14.0]
[49.5, 42.5, 38.0, 34.0, 31.0, 27.0, 26.0, 24.5, 24.0, 21.0, 20.0, 20.0, 18.0, 19.0, 18.0, 17.0, 17.0, 18.0, 17.0, 17.0, 17.0, 17.0, 17.0, 16.0, 16.0, 16.0, 16.0, 16.0, 16.0]
[51.0, 45.0, 41.0, 37.0, 35.0, 31.5, 29.0, 27.0, 25.0, 24.0, 23.5, 23.0, 22.0, 22.0, 22.0, 22.0, 20.0, 20.0, 19.0, 20.0, 20.0, 19.0, 18.0, 19.0, 18.0, 17.0, 15.5, 16.0, 15.0, 16.0, 16.0, 15.0, 15.0, 15.0, 13.0, 14.0, 13.0, 15.0, 15.0, 16.0, 16.0, 15.0, 15.0, 13.0, 14.0, 15.0, 15.0, 14.0, 14.0, 14.0, 14.0, 16.0, 15.0, 15.0, 14.5, 16.0, 14.0, 15.0, 15.0, 15.0, 15.0, 14.0, 14.0, 14.0, 14.0, 13.0, 13.0, 14.0, 14.0, 14.0]
[50.0, 43.0, 37.0, 34.0, 32.0, 29.0, 26.5, 26.0, 24.0, 23.0, 21.0, 21.0, 19.0, 18.0, 19.0, 18.5, 18.0, 19.0, 18.0, 18.0, 17.0, 17.5, 18.0, 17.0, 17.0, 17.0, 17.0, 17.0, 15.0, 15.0, 15.0, 17.0, 17.0, 16.0, 15.0, 14.0, 14.0, 14.0, 14.0, 13.0, 14.5, 16.0, 14.0, 14.0, 14.0, 15.0, 14.0, 14.0, 14.0, 15.0, 14.0, 15.0, 15.0, 15.0, 15.0, 15.0, 14.0, 14.0, 16.0, 17.0, 16.0, 16.0, 16.0, 15.0, 15.0, 14.0, 14.0, 16.0, 15.5, 15.0, 14.0, 16.0, 15.0, 16.0, 14.0, 15.0, 16.0, 15.0, 14.0, 14.5, 15.0, 15.0, 16.0, 15.0, 15.0, 14.0, 14.0, 14.0, 14.0, 14.0, 14.0, 14.0, 14.0, 14.0, 13.0, 15.0, 15.5, 14.0, 14.0, 14.0, 15.0, 13.0, 12.0, 12.0, 13.0, 14.0, 14.0, 14.0, 14.0, 14.0, 13.0, 13.0, 14.0, 14.0, 14.0, 14.0, 12.5, 13.0, 12.5, 14.0, 13.0, 13.0, 13.5, 12.0, 13.5, 14.0, 14.0, 14.0, 14.0, 13.0, 13.5, 12.0, 13.0, 14.0, 14.0, 14.0, 14.0, 13.0, 14.0, 15.0, 14.0, 14.0, 12.0, 13.0, 13.0, 15.0, 16.0, 16.0, 15.0, 15.5, 16.0, 15.0, 14.0, 15.0, 14.0, 15.0, 15.0, 15.0, 14.0, 15.0, 14.0, 15.0, 15.0, 14.0, 16.0, 15.0, 15.5, 14.0, 14.0, 16.0, 16.0, 15.0, 15.0, 14.0, 14.0, 13.0, 14.0, 14.0, 14.0, 14.0, 12.5, 13.0, 13.0, 12.0, 13.5, 14.0, 14.0, 14.0, 13.0, 14.0, 13.5, 14.0, 13.0, 14.0, 14.0, 14.0, 16.0, 15.0, 14.0, 14.0, 14.0, 14.0, 14.0, 13.0, 12.0, 13.0, 15.0, 14.0, 16.0, 16.0, 17.0, 16.0, 16.0, 16.0, 16.0, 15.0, 14.0, 14.0, 15.0, 16.0, 16.0, 16.0, 15.0, 17.0, 15.0, 16.0, 16.0, 14.0, 13.0, 13.0, 14.0, 14.0, 14.0, 13.0, 14.0, 13.0, 14.0, 15.0, 14.0, 14.0, 14.0, 14.5, 15.0, 15.0, 15.0, 15.0, 15.0, 14.0, 15.0, 15.5, 15.0, 16.0, 16.0, 16.5, 16.0, 17.0, 15.0, 15.0, 14.0, 15.0, 14.0, 14.0, 14.0, 14.0, 15.0, 15.0, 14.0, 16.0, 16.0, 16.0, 15.0, 15.0, 16.0, 15.0, 15.0, 16.0, 16.0, 15.0, 15.0, 17.0, 16.0, 15.0, 15.0, 16.0, 15.0, 15.0, 15.5, 14.0, 14.0, 13.0, 13.0, 13.0, 13.5, 14.0, 14.0, 14.0, 13.0, 14.0, 14.0, 13.0, 14.0, 14.0, 14.0, 14.0, 14.0, 14.0, 14.0, 14.0, 13.0, 13.0, 12.5, 14.0, 14.0, 14.0, 14.0, 13.0, 13.0, 14.0, 14.0, 13.0, 14.5, 14.0, 14.0, 15.0, 14.0, 14.0, 13.0, 12.0]
[50.0, 44.0, 38.0, 35.0, 33.0, 30.0, 29.0, 26.0, 25.0, 24.0, 22.0, 21.0, 20.0, 20.0, 20.0, 21.0, 21.0, 21.0, 21.0, 20.0, 21.0, 20.0, 19.0, 19.0, 19.0, 18.0, 16.5, 17.0, 16.0, 16.0, 15.0, 15.0, 15.0, 16.0, 16.0, 17.0, 16.0, 16.0, 16.0, 16.0, 16.0, 15.5, 16.0, 16.0, 15.0, 16.0, 15.0, 16.0, 15.0, 16.0, 17.0, 16.0, 16.0, 16.0, 15.0, 14.5, 16.5, 16.0, 16.0, 17.0, 15.0, 15.0, 14.0]
[51.0, 43.0, 40.0, 36.0, 33.0, 29.0, 27.0, 25.0, 24.0, 22.0, 22.0, 19.0, 20.0, 18.0, 17.5, 17.0, 16.5, 16.0, 16.0, 14.0, 13.5]
[51.0, 44.0, 40.0, 36.0, 33.0, 32.0, 30.0, 27.0, 25.0, 21.0, 19.5, 19.0, 18.0, 17.0, 16.0, 16.0, 16.0, 16.0, 16.0, 17.0, 16.0, 16.5, 16.0, 17.0, 16.5, 15.0, 15.0, 14.0, 14.0, 15.0, 16.0, 16.0, 16.0, 16.0, 14.5, 16.0, 15.5, 15.0, 15.0, 15.5, 15.0, 14.0, 14.0, 14.0, 14.0, 14.0, 14.5, 14.0, 16.0, 14.0, 14.0, 14.0, 14.0, 15.0, 16.0, 14.0, 14.0, 15.0, 16.0, 14.0, 15.0, 15.0, 16.0, 16.0, 14.0, 15.0, 16.0, 14.0, 14.0, 14.0, 14.0, 14.5, 14.0, 14.0, 12.0, 13.0, 12.0]
[51.0, 41.0, 37.0, 34.0, 32.0, 28.5, 26.0, 23.0, 24.0, 22.0, 21.0, 20.0, 19.0, 19.0, 18.0, 17.0, 16.0, 17.0, 16.0, 16.0, 15.0, 15.0, 15.5, 15.0, 15.0, 15.0, 16.0, 16.0, 17.0, 14.5, 16.0, 16.0, 16.0, 16.0, 15.0, 16.0, 15.0, 14.0, 16.0, 16.0, 16.0, 16.0, 16.0, 14.0, 16.0, 15.0, 14.0, 14.0, 14.0, 14.5, 15.0, 15.0, 16.0, 15.0, 16.0, 15.5, 14.0, 16.0, 16.0, 16.0, 14.0, 14.0, 13.5, 14.5, 14.0]
[52.0, 44.0, 40.0, 36.0, 31.0, 29.0, 27.0, 25.5, 24.0, 23.0, 22.0, 21.0, 20.0, 20.0, 19.0, 19.0, 18.0, 18.0, 17.0, 17.0, 17.0, 17.0, 17.0, 16.0, 16.0, 17.0, 17.0, 16.0, 17.0, 15.0, 16.0, 17.0, 17.0, 16.0, 16.0, 16.0, 15.0, 15.5, 16.0, 16.0, 15.5, 16.0, 16.0, 15.0, 15.0, 14.0, 15.0, 15.0, 15.0, 16.0, 16.0, 16.0, 16.0, 16.0, 16.0, 16.0, 17.0, 16.0, 15.0, 16.0, 16.0, 16.0, 16.0, 17.0, 14.0, 15.0, 16.0, 16.0, 16.0, 14.0, 16.0, 16.0, 15.0, 15.0, 14.0, 15.5, 15.0, 16.0, 16.0, 16.0, 16.0, 15.0, 15.0, 16.0, 15.0, 16.0, 16.0, 16.0, 17.0, 16.5, 16.0, 16.0, 15.0, 15.0, 15.0, 14.0, 14.5, 15.0, 14.0, 14.0, 16.0, 16.0, 16.5, 15.0, 16.0, 15.0, 15.0, 16.0, 17.0, 17.0, 16.0, 16.0, 16.0, 16.0, 16.0, 15.0, 16.5, 16.0, 16.0, 15.0, 15.0, 16.5, 16.0, 15.5, 15.0, 15.0, 16.0, 15.0, 14.5, 15.0, 14.0, 16.0, 16.0, 14.0, 16.0, 15.0, 16.0, 16.0, 15.0, 14.5, 15.0, 16.0, 16.0, 15.0, 14.0, 16.0, 15.0, 16.0, 16.0, 16.0, 16.0, 16.0, 15.5, 15.0, 14.0, 14.0, 16.0, 15.0, 15.0, 16.0, 15.0, 14.0, 15.0, 14.0, 16.0, 16.0, 15.0, 16.0, 14.0, 14.0, 15.0, 15.0, 14.0, 15.0, 15.0, 14.0, 15.0, 16.0, 16.0, 16.0, 17.0, 15.0, 15.5, 16.0, 16.0, 14.0, 15.0, 15.0, 17.0, 16.0, 17.0, 16.0, 16.0, 17.5, 17.0, 17.0, 16.0, 17.0, 16.0, 15.0, 16.0, 16.0, 15.0, 16.0, 17.0, 16.0, 16.0, 16.0, 16.0, 16.0, 16.0, 16.0, 16.0, 15.0, 16.0, 14.0, 14.0, 15.0, 14.0, 14.0, 15.0, 15.5, 15.0, 16.0, 16.0, 16.0, 16.0, 16.0, 15.5, 17.0, 15.5, 16.0, 15.0, 15.0, 15.0, 16.0, 16.0, 15.0, 15.5, 15.0, 15.5, 15.5, 15.0, 14.0, 16.0, 16.0, 14.0, 14.0, 16.0, 15.0, 15.0, 16.0]
[50.0, 43.0, 35.0, 31.0, 28.0, 28.0, 26.0, 24.0, 22.5, 22.0, 21.0, 21.0, 19.5, 20.0, 18.0, 19.0, 19.0, 20.0, 19.0, 19.0, 20.0, 18.0, 19.0, 19.5, 18.0, 19.0, 19.0, 19.0, 19.0, 18.0, 18.0, 16.0, 16.0, 17.0, 17.0, 18.0, 18.0, 18.0, 18.0, 17.0, 16.0, 14.0, 15.0, 16.0, 15.0, 15.0, 15.5, 16.0, 16.0, 15.5, 15.5, 13.0, 13.5, 14.0, 15.0, 14.0, 14.0, 15.0, 15.0, 14.0, 14.0, 14.0, 13.0, 14.0, 14.0, 12.0, 14.0, 13.0, 14.0, 14.0, 14.0, 14.0, 16.0, 15.0, 14.0, 14.0, 14.0, 13.0, 15.0, 14.0]
[50.0, 44.0, 39.0, 36.0, 32.0, 29.0, 26.0, 25.0, 23.0, 23.0, 22.0, 22.0, 21.0, 20.0, 20.0, 18.0, 18.0, 17.0, 17.0, 16.5, 17.0, 17.0, 16.0, 16.0, 16.0, 15.0, 16.0, 16.0, 16.0, 16.5, 16.0, 14.0, 15.0, 16.0, 14.0, 16.0, 16.0, 15.0, 16.0, 16.0, 17.0, 17.0, 16.0, 14.0, 14.0, 15.0, 16.0, 15.0, 16.0, 15.0, 14.0, 14.0, 14.0, 14.0, 14.0, 13.5, 14.0, 14.0, 14.0]
[51.0, 43.0, 39.5, 36.0, 32.0, 30.0, 27.5, 25.0, 22.0, 22.0, 20.5, 20.0, 19.0, 18.0, 19.0, 18.0, 17.0, 17.0, 17.0, 17.0, 17.0, 15.0, 16.0, 17.0, 15.0, 16.0, 17.0, 17.0, 17.0, 17.0, 17.0, 17.0, 17.0, 17.0, 17.0, 16.0, 16.0, 16.0, 17.0, 16.0, 16.0, 17.0, 16.0, 16.0, 16.0, 16.0, 16.0, 15.0, 15.0, 16.0, 14.0, 16.0, 15.5, 16.0, 17.0, 16.0, 17.0, 16.0, 16.0, 16.0, 16.0, 16.0, 15.0, 15.5, 14.5, 16.0, 16.0, 15.5, 15.0, 15.0, 15.0, 14.0, 14.0, 16.0, 16.0, 15.0, 16.0, 18.0, 17.5, 17.0, 16.5, 16.0, 17.0, 16.0, 17.0, 17.0, 16.0, 17.0, 17.0, 16.0, 15.0, 16.0, 16.0, 15.0, 16.0, 16.0, 15.0, 16.0, 15.0, 15.0, 16.0, 16.0, 18.0, 16.0, 15.0, 15.0, 15.0, 16.0, 16.0, 16.0, 16.0, 15.0, 17.0, 16.0, 15.0, 16.0, 16.0, 15.0, 16.0, 16.0, 16.0, 16.0, 16.0, 16.0, 16.0, 16.0, 16.0, 16.5, 17.0, 17.0, 15.0, 14.0, 15.0, 15.0, 16.0, 16.0, 15.0, 14.0, 16.0, 16.0, 16.5, 17.0, 16.0, 17.0, 16.0, 16.0, 16.0, 16.0, 18.0, 16.0, 16.0, 16.0, 16.0, 16.5, 16.0, 16.0, 16.0, 16.0, 16.0, 16.0, 15.0, 15.0, 15.0, 15.5, 15.0, 16.0, 16.0, 15.0, 16.0, 16.0, 15.0, 15.0, 16.0, 16.0, 16.0, 17.5, 17.0, 17.0, 16.0, 17.0, 16.5, 17.0, 17.0, 17.0, 16.0, 16.0, 17.0, 16.0, 17.0, 18.0, 17.0, 16.0, 16.0, 16.0, 17.0, 17.0, 16.0, 17.0, 15.5, 15.0, 15.0, 15.0, 16.0, 16.0, 15.0, 16.0, 16.0, 17.0, 16.0, 15.5, 16.0, 18.0, 16.0, 16.0, 16.5, 18.0, 16.0, 16.0, 16.5, 17.0, 16.0, 18.0, 17.0, 16.0, 16.0, 16.0, 16.0, 16.0, 16.0, 15.5, 14.0, 15.0, 15.0, 15.0, 14.0, 14.0, 16.0, 16.0, 15.0, 15.0, 16.0, 16.0, 16.0, 16.0, 16.0, 16.0, 16.0, 16.0, 16.0, 16.0, 16.0, 16.0, 15.0, 16.0, 17.0, 16.0, 16.0, 16.0, 17.0, 17.0, 16.0, 16.0, 16.0, 15.0, 14.5, 15.0, 15.0, 16.0, 16.0, 17.0, 16.0, 16.5, 16.0, 16.0, 16.0, 16.0, 17.0, 17.0, 17.0, 16.5, 16.0, 15.0, 15.0, 16.0, 16.0, 16.0, 16.0, 16.0, 16.0, 16.0, 16.0, 16.0, 16.0, 17.0, 16.0, 16.0, 16.5, 18.0, 18.0, 19.0, 19.0, 18.0, 18.0, 17.0, 16.0, 17.0, 17.0, 16.0, 15.5, 16.0, 16.0, 16.0, 16.0, 15.0, 15.0, 15.0, 16.0, 16.0, 16.0, 16.0, 16.0, 15.0, 16.0, 16.0, 15.0, 15.0, 15.0, 16.0, 16.0, 16.0, 16.0, 14.0, 14.0, 15.0, 13.0, 12.0, 12.0, 13.0, 14.0, 14.0, 14.0, 14.0, 14.0, 13.0, 14.0, 15.0, 15.0, 15.0, 15.0, 16.0, 14.0, 15.0, 13.5, 14.0, 13.5, 15.0, 15.0, 15.0, 14.0, 14.0, 14.0, 14.0, 14.0, 14.0, 15.0, 15.5, 16.0, 15.5, 14.0, 15.0, 15.0, 13.0, 14.0, 14.5, 15.0, 15.5, 14.0, 16.0, 15.5, 15.0, 16.0, 16.0, 15.0, 15.0, 14.0, 14.0, 14.0, 12.0, 14.0, 14.0, 14.0, 14.0, 14.0, 14.0, 14.0, 14.0, 14.0, 14.0, 14.0, 14.0, 15.0]
[51.0, 44.0, 37.0, 35.0, 32.0, 28.0, 25.0, 22.0, 20.0, 18.0, 18.0, 18.5, 18.0, 19.0, 17.5, 17.0, 17.0, 18.0, 19.0, 16.0, 17.0, 17.0, 15.0, 16.0, 17.0, 17.0, 16.0, 16.0, 16.0, 16.0, 16.0, 17.0, 17.0, 16.0, 17.0, 17.0, 17.5, 17.0, 16.0, 16.0, 16.0, 17.0, 16.0, 17.0, 18.0, 18.0, 17.0, 18.0, 15.0, 16.0, 16.0, 16.0, 16.0, 17.0, 16.0, 14.0, 15.0, 14.0, 15.0, 16.0, 15.0, 17.0, 18.0, 15.0, 15.0, 16.0, 17.0, 15.0, 15.0, 16.0, 18.0, 16.5, 16.0, 17.0, 16.0, 16.0, 16.5, 17.0, 16.0, 16.0, 16.0, 16.0, 17.0, 16.5, 17.0, 16.0, 16.0, 16.0, 16.0, 16.0, 16.0, 16.0, 16.0, 16.0, 16.0, 16.0, 16.0, 16.0, 16.0, 16.0, 16.0, 16.0, 16.0, 15.0, 16.0, 16.0, 15.0, 15.0, 16.0, 16.0, 16.0, 16.0, 16.0, 16.0, 16.5, 17.0, 18.0, 18.0, 18.0, 16.0, 16.0, 16.0, 16.0, 17.0, 15.0, 16.0, 16.0, 16.0, 16.0, 16.0, 16.5, 17.0, 17.5, 17.0, 16.0, 14.5, 14.0, 15.0, 16.0, 15.0, 16.0, 14.0, 14.0, 15.5, 16.0, 16.0, 14.0, 16.0, 14.0, 15.5, 14.0, 14.0, 14.0, 14.5, 16.0, 14.0, 14.0, 14.0, 14.0, 15.0, 16.0, 15.0, 15.0, 14.0, 15.0, 15.0, 14.0, 12.0, 13.0, 12.0, 13.0, 14.0, 14.0, 13.0, 14.0, 14.0, 14.0, 14.0, 13.5, 14.0, 14.0, 15.0, 14.0, 15.0, 14.0, 14.0, 14.0, 13.5, 14.0, 13.0, 13.0, 14.0, 14.0, 14.0, 13.0, 13.0, 12.0, 14.0, 15.0, 14.0, 14.0, 13.0, 14.0, 16.0, 15.0, 15.0, 14.0, 15.5, 15.0, 15.0, 14.5, 13.0, 14.0, 14.0, 14.0, 14.0, 15.0, 15.0, 15.0, 15.0, 13.0, 13.0, 12.5, 14.0, 14.0, 15.0, 14.0, 14.0, 14.0, 14.0, 14.0, 14.0, 14.0, 13.0, 14.0, 14.0, 13.0, 13.0, 14.0, 14.0, 14.0, 15.0, 14.0, 15.0, 14.0, 14.0, 15.5, 15.0, 16.0, 16.0, 14.0, 14.0, 16.0, 15.0, 14.0, 15.0, 15.0, 15.0, 15.0, 16.0, 15.5, 16.0, 17.0, 17.0, 15.5, 15.0, 16.0, 16.0, 16.0, 16.0, 15.0, 14.0, 14.0, 14.0, 14.0, 14.0, 15.0, 14.0, 14.0, 14.0, 13.0, 14.0, 14.0]
